
strategic_region={
	id=1
	name="STRATEGICREGION_1"
	provinces={
		104 270 373 380 419 447 464 595 741 853 957 1028 1070 1179 1185 1266 1333 1347 1369 1457 1472 1673 1700 1707 1814 1816 1823 1843 1982 2086 2163 2164 2194 2307 2325 2326 2398 2497 2652 2654 2783 2932 3122 3297 3313 3353 3622 4004 4141 4198 4204 4255 4314 4390 4519 4653 4812 4901 5000 5060 5080 5117 5246 5573 5760 5828 5848 5875 5928 5971 6127 6211 6251 6264 6406 6438 6543 6756 7149 7229 7231 7242 7286 7298 7324 7356 7480 7720 7860 8074 8291 8491 8633 9230 9246 9291 9310 9341 9360 9372 9375 9389 9431 9482 9485 9516 9517 9544 9545 9551 9575 9576 9579 9611 9616 9628 9630 9662 9672 9687 9691 9701 9705 9733 9734 9738 9761 9765 9769 9788 9800 9803 9821 9842 9846 9872 9883 9893 9909 16156 16163 16167 16168 16169 
	}
	weather={
		period={
			between={ 0.0 0.5 }
			temperature={ -41.0 -15.0 }
			no_phenomenon=1.500
			rain_light=0.250
			rain_heavy=0.100
			snow=0.250
			blizzard=0.520
			arctic_water=0.000
			mud=0.000
			sandstorm=0.000
			min_snow_level=0.680
		}
		period={
			between={ 1.5 30.11 }
			temperature={ -19.0 14.0 }
			no_phenomenon=1.500
			rain_light=0.250
			rain_heavy=0.100
			snow=0.000
			blizzard=0.000
			arctic_water=0.000
			mud=0.000
			sandstorm=0.000
			min_snow_level=0.000
		}
	}
}
