
strategic_region={
	id=10
	name="STRATEGICREGION_10"
	provinces={
		16170 5 154 216 247 313 320 337 383 498 501 715 812 837 847 869 933 1050 1055 1059 1106 1107 1120 1153 1224 1307 1341 1365 1403 1422 1469 1478 1503 1839 1888 1974 2104 2144 2161 2176 2333 2338 2371 2431 2676 2703 2736 2757 2781 2906 2928 3022 3116 3143 3181 3211 3248 3258 3266 3312 3345 3379 3433 3515 3527 3560 3586 3614 3661 3769 3799 3813 3827 3863 3871 3993 4026 4100 4129 4139 4205 4409 4430 4442 4514 4605 4941 4967 5008 5055 5061 5107 5113 5116 5139 5193 5289 5321 5363 5434 5465 5503 5694 5695 5718 5816 5845 5975 5979 6111 6118 6133 6230 6321 6328 6346 6384 6389 6403 6422 6424 6430 6444 6549 6569 6581 6585 6587 6712 6799 6956 7037 7198 7297 7347 7424 7499 7532 7536 7553 7626 7870 7910 7917 7936 7980 8031 8052 8062 8081 8117 8130 8175 8336 8480 8520 8570 8621 8638 8687 9530 9534 9541 9565 9636 9649 9679 9706 9715 9722 9735 9743 9758 9779 9782 9784 9789 9801 9809 9812 9813 9825 9826 9827 9833 9844 9862 9882 9884 9895 9897 9898 9934 9948 9954 9970 9976 9980 9983 9992 9996 10003 10006 10009 10011 10012 10015 10016 10019 10029 10035 10043 10054 10055 10058 10066 10083 10089 10092 10120 10123 10142 10146 10159 10180 10190 10198 10207 10225 10289 
	}
	weather={
		period={
			between={ 0.0 0.5 }
			temperature={ -31.0 -4.0 }
			no_phenomenon=1.500
			rain_light=0.170
			rain_heavy=0.120
			snow=0.460
			blizzard=0.280
			arctic_water=0.000
			mud=0.000
			sandstorm=0.000
			min_snow_level=0.430
		}
		period={
			between={ 1.5 30.11 }
			temperature={ 11.0 34.0 }
			no_phenomenon=1.500
			rain_light=0.250
			rain_heavy=0.230
			snow=0.000
			blizzard=0.000
			arctic_water=0.000
			mud=0.000
			sandstorm=0.000
			min_snow_level=0.000
		}
	}
}
