
strategic_region={
	id=105
	name="STRATEGICREGION_105"
	provinces={
		99 213 555 747 787 798 827 902 1401 1514 1530 2390 2451 2474 2692 2715 2982 3478 3530 4578 5213 5260 5306 5348 5615 5661 6434 6952 7065 7171 7319 7752 7787 8242 8320 12655 12678 12690 12715 12721 12745 12746 12785 12810 12828 12831 12868 12884 12898 12941 13011 13018 13045 13050 13126 13133 13138 13163 13170 13184 13196 13204 13910 13999 14122 14129 14130 14194 14200 14236 14238 14254 14284 14426 14433 14491 14507 14510 14554 14565 14635 14640 14680 14702 14740 14763 14815 14838 14860 15050 15075 15077 15106 15107 15231 15311 15365 15377 15391 15546 15601 15609 15661 15690 15940 15946 
	}
	naval_terrain=water_fjords
	weather={
		period={
			between={ 0.0 0.5 }
			temperature={ -23.0 9.0 }
			no_phenomenon=1.500
			rain_light=0.250
			rain_heavy=0.140
			snow=0.320
			blizzard=0.260
			arctic_water=0.000
			mud=0.000
			sandstorm=0.000
			min_snow_level=0.320
		}
		period={
			between={ 1.5 30.11 }
			temperature={ 3.0 35.0 }
			no_phenomenon=1.500
			rain_light=0.250
			rain_heavy=0.320
			snow=0.000
			blizzard=0.000
			arctic_water=0.000
			mud=0.000
			sandstorm=0.000
			min_snow_level=0.000
		}
	}
}
