
strategic_region={
	id=11
	name="STRATEGICREGION_11"
	provinces={
		89 180 198 245 316 347 499 557 716 764 897 995 1021 1031 1056 1154 1406 1415 1516 1539 1606 1797 1806 1882 1907 1947 1955 2003 2005 2017 2054 2136 2145 2205 2304 2308 2366 2372 2442 2453 2494 2499 2568 2631 2687 2713 2841 2848 2981 3157 3180 3190 3213 3237 3259 3283 3315 3418 3436 3453 3569 3599 3627 3694 3711 3759 3926 4021 4040 4202 4212 4230 4309 4385 4628 4642 4651 4740 5112 5141 5252 5355 5358 5374 5377 5583 5663 5682 5730 5741 5764 5865 6014 6068 6135 6164 6184 6213 6275 6291 6343 6419 6433 6542 6571 6575 6791 6833 6888 6942 6949 6980 7019 7029 7121 7221 7374 7496 7672 7692 7712 7719 7790 7806 7823 8131 8144 8472 8528 8616 8677 8698 10057 10082 10094 10114 10130 10139 10140 10145 10158 10164 10186 10187 10202 10213 10221 10227 10228 10231 10244 10245 10271 10274 10275 10280 10288 10319 10320 10321 10356 10360 10363 10366 10367 10387 10388 10394 10400 10409 10416 10426 10432 10459 10483 10487 10497 10502 10520 10526 10528 10540 10581 10584 10590 10623 10625 10652 10655 10660 10676 10678 10717 10726 10736 10737 10766 10770 16174 16177 16181 16183 16186 16187 
	}
	weather={
		period={
			between={ 0.0 0.5 }
			temperature={ -31.0 -4.0 }
			no_phenomenon=1.500
			rain_light=0.170
			rain_heavy=0.120
			snow=0.460
			blizzard=0.280
			arctic_water=0.000
			mud=0.000
			sandstorm=0.000
			min_snow_level=0.430
		}
		period={
			between={ 1.5 30.11 }
			temperature={ 11.0 34.0 }
			no_phenomenon=1.500
			rain_light=0.250
			rain_heavy=0.230
			snow=0.000
			blizzard=0.000
			arctic_water=0.000
			mud=0.000
			sandstorm=0.000
			min_snow_level=0.000
		}
	}
}
