
strategic_region={
	id=113
	name="STRATEGICREGION_113"
	provinces={
		1180 2120 3036 4540 4589 5591 5751 8492 9334 9353 9363 9370 9448 9503 9522 13864 13905 13926 13983 13993 14045 14069 14075 14104 14192 14204 14232 14244 14246 14322 14331 14339 14385 14400 14417 14456 14457 14482 14531 14553 14562 14580 14581 14601 14605 14613 14619 14653 14708 14727 14743 14744 14794 14802 14805 14834 14846 14893 14950 14981 15011 15065 15155 15161 15180 15184 15364 15374 15451 15454 15470 15474 15520 15530 15549 15695 15718 15724 15766 15781 15788 15789 15802 15807 15815 
	}
	naval_terrain=water_deep_ocean
	weather={
		period={
			between={ 0.0 0.5 }
			temperature={ -17.0 3.0 }
			no_phenomenon=1.500
			rain_light=0.250
			rain_heavy=0.100
			snow=0.110
			blizzard=0.120
			arctic_water=0.000
			mud=0.000
			sandstorm=0.000
			min_snow_level=0.000
		}
		period={
			between={ 1.5 30.11 }
			temperature={ 10.0 30.0 }
			no_phenomenon=1.500
			rain_light=0.250
			rain_heavy=0.230
			snow=0.000
			blizzard=0.000
			arctic_water=0.000
			mud=0.000
			sandstorm=0.000
			min_snow_level=0.000
		}
	}
}
