
strategic_region={
	id=115
	name="STRATEGICREGION_115"
	provinces={
		13861 13862 13887 13897 13899 13919 13951 13985 13986 13990 13991 14021 14046 14068 14078 14093 14096 14119 14141 14164 14180 14182 14203 14209 14307 14317 14342 14387 14440 14465 14495 14552 14559 14646 14650 14695 14704 14755 14785 14813 14865 14868 14870 14875 14919 14925 14944 14945 15003 15018 15023 15051 15061 15071 15072 15082 15104 15123 15198 15239 15394 15415 15444 15453 15459 15465 15490 15507 15543 15558 15594 15645 15674 15677 15688 15734 15751 15757 15774 15778 15787 15791 15792 15800 
	}
	naval_terrain=water_deep_ocean
	weather={
		period={
			between={ 0.0 0.5 }
			temperature={ -23.0 9.0 }
			no_phenomenon=1.500
			rain_light=0.250
			rain_heavy=0.140
			snow=0.320
			blizzard=0.260
			arctic_water=0.000
			mud=0.000
			sandstorm=0.000
			min_snow_level=0.320
		}
		period={
			between={ 1.5 30.11 }
			temperature={ 3.0 35.0 }
			no_phenomenon=1.500
			rain_light=0.250
			rain_heavy=0.320
			snow=0.000
			blizzard=0.000
			arctic_water=0.000
			mud=0.000
			sandstorm=0.000
			min_snow_level=0.000
		}
	}
}
