
strategic_region={
	id=12
	name="STRATEGICREGION_12"
	provinces={
		228 275 278 281 292 318 426 451 518 593 848 883 929 980 1029 1168 1191 1229 1344 1345 1348 1379 1451 1507 1526 1629 1903 1924 1925 1934 1969 2147 2313 2334 2380 2387 2399 2466 2521 2567 2645 2790 2801 3132 3262 3292 3475 3496 3522 3631 3640 3686 3751 3773 3795 3807 3951 3967 4046 4184 4243 4254 4373 4517 4575 4701 4719 4795 4848 4949 4960 5132 5145 5195 5324 5364 5449 5473 5492 5552 5605 5744 5758 5766 5778 5969 6025 6154 6160 6209 6292 6476 6532 6637 6817 6867 6922 7063 7122 7194 7237 7400 7618 7644 7737 7757 7796 7846 7906 7962 7972 7998 8032 8103 8191 8196 8334 8446 8493 8723 10632 10643 10651 10664 10683 10694 10699 10703 10715 10731 10735 10767 10776 10782 10790 10793 10798 10801 10803 10804 10820 10839 10845 10849 10853 10856 10859 10886 10889 10906 10914 10918 10931 10936 10952 10954 10965 10967 10974 10989 10997 11002 11022 11025 11031 11040 11047 11054 11060 11066 11068 11078 11081 11085 11092 11095 11097 11119 11120 11124 11130 11147 11148 11149 11169 11179 11185 11194 11210 11221 11255 16008 16060 16103 16182 16185 16188 16189 16190 16191 16192 
	}
	weather={
		period={
			between={ 0.0 0.5 }
			temperature={ -31.0 -4.0 }
			no_phenomenon=1.500
			rain_light=0.170
			rain_heavy=0.120
			snow=0.460
			blizzard=0.280
			arctic_water=0.000
			mud=0.000
			sandstorm=0.000
			min_snow_level=0.430
		}
		period={
			between={ 1.5 30.11 }
			temperature={ 11.0 34.0 }
			no_phenomenon=1.500
			rain_light=0.250
			rain_heavy=0.230
			snow=0.000
			blizzard=0.000
			arctic_water=0.000
			mud=0.000
			sandstorm=0.000
			min_snow_level=0.000
		}
	}
}
