strategic_region={
	id=120
	name="STRATEGICREGION_120"
	provinces={
		13975 13996 14032 14064 14190 14220 14250 14354 14405 14409 14477 14478 14483 14517 14550 14564 14689 14709 14766 14799 14837 14929 14948 15014 15033 15058 15109 15171 15202 15244 15285 15338 15339 15362 15379 15425 15457 15464 15564 15577 15583 15615 15646 15656 15676 15691 15839 15844 15847 15858 15864 15870 16258 16259 16260 16261 16262 16263 16264 16265 16266 16267 16268 16269 16270 16271 16272 16273 16274 16275 16276 16277 16278 16279 16280 16281 16282 16283 16284 16285 16286 16287 16288 16289 16290 16291 16292 16293 16294 16295 16296 16297 16298 16299 16420 16421
	}
	naval_terrain=water_shallow_sea
	weather={
		period={
			between={ 0.0 29.3 }
			temperature={ 0.0 8.0 }
			no_phenomenon=1.300
			rain_light=0.250
			rain_heavy=0.100
			snow=0.000
			blizzard=0.000
			arctic_water=0.000
			mud=0.000
			sandstorm=0.000
			min_snow_level=0.000
		}
		period={
			between={ 0.4 30.9 }
			temperature={ 5.0 13.0 }
			no_phenomenon=1.300
			rain_light=0.250
			rain_heavy=0.100
			snow=0.000
			blizzard=0.000
			arctic_water=0.000
			mud=0.000
			sandstorm=0.000
			min_snow_level=0.000
		}
	}
}
