
strategic_region={
	id=13
	name="STRATEGICREGION_13"
	provinces={
		6520 69 177 197 395 428 484 492 554 691 738 770 810 813 880 895 931 981 985 1096 1122 1156 1206 1236 1253 1268 1326 1393 1482 1535 1563 1692 1713 1782 1827 1944 1957 2048 2072 2092 2093 2140 2217 2349 2364 2369 2539 2542 2563 2681 2755 2812 2849 2904 3046 3080 3254 3340 3348 3371 3551 3574 3625 3725 3741 3746 3757 3812 3839 3860 4068 4114 4283 4381 4451 4453 4485 4487 4529 4744 4787 4799 4834 4840 4915 4918 4932 5096 5170 5215 5219 5271 5313 5510 5555 5655 5749 5801 5814 5843 5861 5920 5961 6142 6310 6522 6607 6698 6821 6836 6913 6925 7093 7103 7287 7314 7362 7369 7449 7452 7457 7507 7616 7645 7714 7764 7795 7804 7827 7842 7851 7909 8229 8248 8530 8556 8584 8613 8631 8713 8731 8733 10128 10205 10237 10251 10266 10276 10305 10350 10371 10376 10380 10401 10403 10417 10422 10423 10427 10433 10438 10447 10470 10492 10498 10503 10516 10522 10531 10535 10538 10550 10553 10559 10565 10566 10576 10582 10583 10593 10594 10605 10608 10612 10620 10628 10640 10641 10648 10649 10662 10677 10679 10695 10701 10711 10723 10732 10733 10739 10747 10805 10810 10830 10836 10837 10840 10863 10864 10869 10875 10881 10892 10921 10928 10937 10939 10955 10966 10979 10990 11012 11023 11045 
	}
	weather={
		period={
			between={ 0.0 0.5 }
			temperature={ -31.0 -4.0 }
			no_phenomenon=1.500
			rain_light=0.170
			rain_heavy=0.120
			snow=0.460
			blizzard=0.280
			arctic_water=0.000
			mud=0.000
			sandstorm=0.000
			min_snow_level=0.430
		}
		period={
			between={ 1.5 30.11 }
			temperature={ 11.0 34.0 }
			no_phenomenon=1.500
			rain_light=0.250
			rain_heavy=0.230
			snow=0.000
			blizzard=0.000
			arctic_water=0.000
			mud=0.000
			sandstorm=0.000
			min_snow_level=0.000
		}
	}
}
