strategic_region={
	id=136
	name="STRATEGICREGION_136"
	provinces={
		369 503 755 1817 1916 1943 2779 3151 3260 3820 3836 3904 4459 4976 5083 5329 5408 5652 5763 5852 6043 6065 6225 6670 7380 7601 7854 7995 8001 8532 8580 11322 11343 11350 11377 11429 11434 11457 11467 11495 11509 11528 11529 11539 11562 11593 11598 11628 11655 11664 11691 11697 11735 11779 11817 11826 11898 14048 14105 14334 14500 14539 14630 14824 14830 14917 15315 15421 15458 15643 15727 15888 15897 15898 16743 16744 16745 16746 16747 16748 16749 16750 16751 16752 16753 16754 16755 16756 16757 16758 16759 16760 16761 16762 16763 16764 16765 16766 16767 16768 16769 16770 16771 16772 16773 16774 16777 16778 16779 16780 16781 16782 16783 16795 16796 16797 16807
	}
	naval_terrain=water_fjords
	weather={
		period={
			between={ 0.0 29.3 }
			temperature={ 16.0 22.0 }
			no_phenomenon=1.500
			rain_light=0.250
			rain_heavy=0.100
			snow=0.000
			blizzard=0.000
			arctic_water=0.000
			mud=0.000
			sandstorm=0.000
			min_snow_level=0.000
		}
		period={
			between={ 0.4 30.9 }
			temperature={ 12.0 21.0 }
			no_phenomenon=1.500
			rain_light=0.250
			rain_heavy=0.100
			snow=0.000
			blizzard=0.000
			arctic_water=0.000
			mud=0.000
			sandstorm=0.000
			min_snow_level=0.000
		}
	}
}
