
strategic_region={
	id=14
	name="STRATEGICREGION_14"
	provinces={
		27 45 273 340 372 437 520 578 585 608 617 662 698 700 792 851 942 949 993 1005 1065 1157 1172 1199 1247 1287 1498 1521 1587 1631 1661 1664 1761 1985 2006 2041 2177 2279 2343 2363 2373 2403 2427 2430 2600 2723 2734 2771 2874 2966 3018 3042 3147 3214 3218 3367 3398 3561 3584 3626 3761 3858 3874 4005 4015 4055 4113 4210 4269 4299 4308 4332 4364 4629 4778 4844 4859 4891 5146 5206 5208 5418 5645 5743 5830 5940 5949 5973 5974 6036 6064 6146 6169 6218 6256 6288 6397 6420 6431 6586 6679 6683 6700 6725 6728 6900 6901 7082 7143 7281 7383 7533 7559 7798 7810 7821 7907 8015 8024 8125 8232 8295 8371 8440 8509 8516 8692 10290 10310 10313 10327 10333 10347 10348 10354 10368 10381 10395 10404 10410 10413 10418 10419 10430 10434 10442 10448 10451 10452 10453 10455 10466 10468 10472 10479 10484 10488 10493 10494 10504 10509 10517 10521 10523 10529 10532 10536 10542 10543 10554 10557 10560 10561 10567 10572 10577 10585 10586 10591 10595 10596 10601 10616 10622 10626 10630 10636 10637 10642 10644 10653 10654 10665 10667 10680 10684 10690 10704 10708 10712 
	}
	weather={
		period={
			between={ 0.0 0.5 }
			temperature={ -31.0 -4.0 }
			no_phenomenon=1.500
			rain_light=0.170
			rain_heavy=0.120
			snow=0.460
			blizzard=0.280
			arctic_water=0.000
			mud=0.000
			sandstorm=0.000
			min_snow_level=0.430
		}
		period={
			between={ 1.5 30.11 }
			temperature={ 11.0 34.0 }
			no_phenomenon=1.500
			rain_light=0.250
			rain_heavy=0.230
			snow=0.000
			blizzard=0.000
			arctic_water=0.000
			mud=0.000
			sandstorm=0.000
			min_snow_level=0.000
		}
	}
}
