
strategic_region={
	id=141
	name="STRATEGICREGION_141"
	provinces={
		214 276 288 571 590 659 750 768 890 943 1186 1235 1246 1272 1336 1532 1670 1836 2025 2127 2137 2138 2220 2250 2461 2730 3456 3513 3575 3660 3689 3744 3980 4666 4946 5015 5077 5143 5207 5328 5388 5478 5487 5576 5610 5817 5918 5994 6197 6229 6390 6411 6584 6823 6841 6947 6957 6989 7058 7395 7408 7445 7486 7497 7610 7676 7880 8245 8309 8428 8447 8526 8589 9851 9881 9896 9924 9940 9947 9969 9979 9995 9999 10027 10042 10050 10061 10073 10078 10079 10093 10096 10119 10127 10148 10163 10176 10184 10185 10194 10201 10210 10211 10212 10222 10224 10236 10243 10248 10250 10270 10278 10279 10293 10304 10309 10312 10329 10331 10332 10346 10353 10375 10379 10393 10437 10450 10464 10491 10496 10519 13885 13947 14095 14142 14188 14513 14600 14615 14742 14764 14817 14819 14850 14864 14985 15015 15053 15097 15130 15134 15278 15287 15344 15375 15380 15511 15528 15710 15744 15804 15806 15810 15840 
	}
	naval_terrain=water_deep_ocean
	weather={
		period={
			between={ 0.0 0.5 }
			temperature={ -23.0 9.0 }
			no_phenomenon=1.500
			rain_light=0.250
			rain_heavy=0.140
			snow=0.320
			blizzard=0.260
			arctic_water=0.000
			mud=0.000
			sandstorm=0.000
			min_snow_level=0.320
		}
		period={
			between={ 1.5 30.11 }
			temperature={ 3.0 35.0 }
			no_phenomenon=1.500
			rain_light=0.250
			rain_heavy=0.320
			snow=0.000
			blizzard=0.000
			arctic_water=0.000
			mud=0.000
			sandstorm=0.000
			min_snow_level=0.000
		}
	}
}
