
strategic_region={
	id=15
	name="STRATEGICREGION_15"
	provinces={
		66 77 113 142 261 306 321 336 435 458 612 636 823 911 913 935 1083 1128 1204 1319 1523 1533 1588 1653 1663 1746 1801 1937 1976 2084 2091 2415 2540 2577 2617 2760 2767 3013 3201 3273 3296 3314 3333 3461 3724 4174 4213 4290 4307 4377 4538 4617 4663 4682 4736 4991 5164 5165 5305 5424 5782 5981 6066 6241 6323 6408 6583 6666 6674 6874 6923 6940 7057 7079 7127 7207 7477 7578 7579 7724 7930 8109 8317 8346 8460 10673 10674 10681 10697 10702 10718 10724 10743 10749 10750 10784 10785 10791 10795 10822 10832 10841 10852 10861 10870 10871 10872 10878 10895 10908 10916 10927 10934 10942 10944 10963 10970 10972 10987 10988 11004 11014 11033 11036 11037 11042 11049 11070 11075 11082 11089 11105 11139 11151 11170 
	}
	weather={
		period={
			between={ 0.0 0.5 }
			temperature={ -31.0 -4.0 }
			no_phenomenon=1.500
			rain_light=0.170
			rain_heavy=0.120
			snow=0.460
			blizzard=0.280
			arctic_water=0.000
			mud=0.000
			sandstorm=0.000
			min_snow_level=0.430
		}
		period={
			between={ 1.5 30.11 }
			temperature={ 11.0 34.0 }
			no_phenomenon=1.500
			rain_light=0.250
			rain_heavy=0.230
			snow=0.000
			blizzard=0.000
			arctic_water=0.000
			mud=0.000
			sandstorm=0.000
			min_snow_level=0.000
		}
	}
}
