
strategic_region={
	id=16
	name="STRATEGICREGION_16"
	provinces={
		55 103 151 172 192 258 379 483 535 539 572 613 628 654 658 665 699 759 805 884 994 1069 1132 1277 1372 1517 1529 1598 1743 1855 2115 2130 2142 2218 2262 2388 2511 2675 2745 2761 2764 2765 2889 2896 3010 3102 3126 3150 3406 3448 3547 3652 3655 3658 3688 3901 3934 4039 4196 4229 4249 4426 4474 4503 4553 4724 4842 5057 5076 5120 5223 5233 5310 5327 5357 5482 5514 5836 5874 5878 5950 5989 6008 6102 6204 6290 6421 6490 6582 6603 6729 6816 6857 6880 7290 7321 7353 7370 7526 7555 7581 7665 7857 8027 8080 8135 8319 8423 8550 8575 10945 10958 10992 11005 11024 11055 11061 11079 11090 11098 11101 11104 11109 11116 11125 11126 11136 11137 11154 11164 11165 11173 11177 11183 11191 11192 11202 11207 11208 11213 11215 11222 11228 11231 11237 11243 11268 11279 11287 11289 11291 11297 11302 11307 11318 11323 11329 11330 11356 11358 11363 11371 11387 11388 11389 11392 11398 11400 11404 11405 11430 11431 11444 11445 11474 11483 11494 11501 11506 11526 11530 11542 11555 16202 
	}
	weather={
		period={
			between={ 0.0 0.5 }
			temperature={ -31.0 -4.0 }
			no_phenomenon=1.500
			rain_light=0.170
			rain_heavy=0.120
			snow=0.460
			blizzard=0.280
			arctic_water=0.000
			mud=0.000
			sandstorm=0.000
			min_snow_level=0.430
		}
		period={
			between={ 1.5 30.11 }
			temperature={ 11.0 34.0 }
			no_phenomenon=1.500
			rain_light=0.250
			rain_heavy=0.230
			snow=0.000
			blizzard=0.000
			arctic_water=0.000
			mud=0.000
			sandstorm=0.000
			min_snow_level=0.000
		}
	}
}
