strategic_region={
	id=17
	name="STRATEGICREGION_17"
	provinces={
		28 64 74 210 296 314 453 465 801 842 885 891 928 1020 1275 1374 1414 1437 1506 1567 1650 1666 1731 1757 1852 2247 2263 2336 2455 2581 2892 2948 2950 2967 2968 2993 3030 3031 3067 3123 3161 3417 3587 3675 3763 3783 3830 3950 4047 4090 4329 4349 4574 4608 4725 4741 4815 4934 4973 5034 5084 5105 5137 5259 5439 5880 5885 5916 5930 5965 6018 6298 6546 6640 6776 6803 6842 7007 7110 7142 7240 7271 7717 7868 7892 7943 7964 8253 8604 8607 8628 11158 11203 11211 11216 11225 11229 11232 11249 11252 11263 11275 11280 11281 11285 11293 11311 11319 11339 11342 11359 11375 11385 11394 11403 11432 11439 11462 11463 11479 11481 11498 11499 11505 11550 11551 11570 11573 11577 11602 11612 11623 11630 11644 11654 11671 11690 11711 11729 
	}
	weather={
		period={
			between={ 0.0 29.3 }
			temperature={ -10.0 35.0 }
			no_phenomenon=1.500
			rain_light=0.250
			rain_heavy=0.100
			snow=0.000
			blizzard=0.000
			arctic_water=0.000
			mud=0.000
			sandstorm=0.000
			min_snow_level=0.000
		}
		period={
			between={ 0.4 30.7 }
			temperature={ -10.0 35.0 }
			no_phenomenon=1.500
			rain_light=0.250
			rain_heavy=0.100
			snow=0.000
			blizzard=0.000
			arctic_water=0.000
			mud=0.000
			sandstorm=0.000
			min_snow_level=0.000
		}
		period={
			between={ 0.8 30.11 }
			temperature={ 11.0 34.0 }
			no_phenomenon=1.500
			rain_light=0.250
			rain_heavy=0.230
			snow=0.000
			blizzard=0.000
			arctic_water=0.000
			mud=0.000
			sandstorm=0.000
			min_snow_level=0.000
		}
	}
}
