strategic_region={
	id=18
	name="STRATEGICREGION_18"
	provinces={
		79 239 322 507 668 1207 1363 1387 1486 1762 1793 2078 2448 2460 2518 2609 2642 2898 3048 3050 3299 3458 3534 3578 3728 3884 4013 4560 4655 4661 4750 5273 5287 5332 5379 5495 5601 5856 5970 5977 6100 6175 6368 6708 6932 7042 7071 7139 7220 7234 7354 7398 7527 7753 7769 7904 7912 8160 8427 11755 11795 11816 11841 11856 11899 11904 11936 11982 12000 12007 12019 12029 12036 12038 12056 12063 12064 12089 12135 12187 12193 12296 12304 12342 12399 12400 12425 16206 
	}
	weather={
		period={
			between={ 0.0 29.3 }
			temperature={ 12.0 22.0 }
			no_phenomenon=1.500
			rain_light=0.250
			rain_heavy=0.100
			snow=0.000
			blizzard=0.000
			arctic_water=0.000
			mud=0.000
			sandstorm=0.000
			min_snow_level=0.000
		}
		period={
			between={ 0.4 30.9 }
			temperature={ 7.0 21.0 }
			no_phenomenon=1.500
			rain_light=0.250
			rain_heavy=0.100
			snow=0.000
			blizzard=0.000
			arctic_water=0.000
			mud=0.000
			sandstorm=0.000
			min_snow_level=0.000
		}
	}
}
