
strategic_region={
	id=19
	name="STRATEGICREGION_19"
	provinces={
		70 159 218 256 294 303 467 661 739 892 961 1124 1173 1197 1209 1274 1375 1385 1426 1491 1760 1765 1915 1971 1973 2040 2223 2303 2432 2485 2603 2807 2814 2884 3187 3307 3396 3487 3999 4142 4161 4281 4587 4672 4888 5090 5177 5188 5391 5394 5454 5528 5602 5620 5756 5938 5960 6268 6299 6355 6437 6504 6593 6748 6847 6919 6944 7031 7114 7154 7172 7300 7326 7583 7612 7635 7893 8171 8210 8326 8431 8483 8576 10666 10696 10720 10727 10748 10756 10779 10783 10786 10794 10800 10802 10808 10811 10821 10831 10846 10847 10860 10865 10866 10876 10877 10882 10887 10898 10915 10922 10926 10932 10940 10941 10949 10956 10957 10962 10968 10980 10983 10986 10998 10999 11003 11009 11010 11013 11046 11051 11065 11086 11114 16009 16045 16096 16184 
	}
	weather={
		period={
			between={ 0.0 0.5 }
			temperature={ -31.0 8.0 }
			no_phenomenon=1.500
			rain_light=0.250
			rain_heavy=0.100
			snow=0.300
			blizzard=0.170
			arctic_water=0.000
			mud=0.000
			sandstorm=0.000
			min_snow_level=0.330
		}
		period={
			between={ 1.5 30.11 }
			temperature={ 17.0 42.0 }
			no_phenomenon=1.500
			rain_light=0.250
			rain_heavy=0.100
			snow=0.000
			blizzard=0.000
			arctic_water=0.000
			mud=0.000
			sandstorm=0.000
			min_snow_level=0.000
		}
	}
}
