
strategic_region={
	id=2
	name="STRATEGICREGION_2"
	provinces={
		16129 16137 7 156 285 531 541 549 568 635 688 703 977 1033 1035 1052 1057 1111 1190 1314 1499 1560 1618 1741 1768 1787 1875 2103 2105 2126 2133 2252 2353 2358 2394 2421 2549 2557 2611 2633 2688 2712 2714 2727 2735 2743 2756 2859 2897 2970 2998 3269 3278 3289 3432 3462 3465 3538 3588 3592 3623 3657 3672 3710 3733 3802 3811 3882 3907 3939 3974 4133 4189 4203 4251 4347 4361 4421 4535 4546 4696 4807 4862 4863 4894 4905 5160 5268 5290 5331 5345 5346 5425 5480 5563 5658 5736 5767 5793 5796 5866 5905 5908 5935 5968 6103 6119 6139 6191 6362 6429 6442 6443 6481 6521 6651 6661 6692 6719 6933 6953 6974 7105 7148 7158 7186 7195 7247 7304 7516 7530 7633 7705 7735 7830 7847 7954 8017 8110 8124 8176 8271 8339 8386 8391 8598 8601 8622 8648 8659 8749 8750 8751 8752 8753 8754 8755 8756 8757 8815 8816 8819 8820 8830 8842 8846 8849 8859 8867 8903 8920 8940 8950 8951 8957 8967 9007 9029 9034 9040 9050 9051 9053 9054 9055 9083 9093 9095 9098 9102 9132 9139 9144 9149 9150 9151 9152 9156 9164 9177 9178 9185 9186 9187 9197 9207 9210 9220 9221 9231 9232 9237 9247 9259 9266 9281 9287 9299 9303 9309 9320 9342 9345 9359 9366 9396 9400 9401 9438 9446 9459 9469 9483 9492 9513 9528 9546 9560 9580 9635 16118 16120 16121 16122 16124 16125 16126 16127 16128 16131 16133 16134 16135 16138 16139 16143 16144 16145 16146 16150 16152 16154 16155 16157 16159 16160 16161 16162 16164 16166 
	}
	weather={
		period={
			between={ 0.0 0.5 }
			temperature={ -41.0 -15.0 }
			no_phenomenon=1.500
			rain_light=0.250
			rain_heavy=0.100
			snow=0.250
			blizzard=0.520
			arctic_water=0.000
			mud=0.000
			sandstorm=0.000
			min_snow_level=0.680
		}
		period={
			between={ 1.5 30.11 }
			temperature={ -19.0 14.0 }
			no_phenomenon=1.500
			rain_light=0.250
			rain_heavy=0.100
			snow=0.000
			blizzard=0.000
			arctic_water=0.000
			mud=0.000
			sandstorm=0.000
			min_snow_level=0.000
		}
	}
}
