strategic_region={
	id=20
	name="STRATEGICREGION_20"
	provinces={
		209 229 250 349 359 470 504 677 732 784 804 841 881 887 944 964 1023 1489 1492 1589 1643 1657 1682 1735 1956 1997 2162 2251 2401 2479 2570 2689 2836 2979 3082 3170 3365 3644 3676 3912 3940 4058 4135 4211 4354 4406 4494 4521 4532 4798 4881 4944 5054 5171 5341 5523 5577 5692 5725 5762 5877 5958 6028 6049 6168 6183 6359 6539 6615 6675 6875 6981 6988 7157 7226 7250 7332 7375 7391 7392 7422 7437 7438 7524 7548 7677 7770 7833 7974 8008 8041 8656 8664 8691 11018 11028 11041 11058 11072 11103 11107 11110 11111 11127 11131 11132 11143 11153 11156 11157 11166 11172 11174 11182 11189 11212 11214 11235 11236 11274 11292 11326 11327 11338 11346 11354 11374 11399 16193 16194 16195 16196 16197 16198 
	}
	naval_terrain=water_fjords
	weather={
		period={
			between={ 0.0 29.3 }
			temperature={ 7.0 11.0 }
			no_phenomenon=1.500
			rain_light=0.250
			rain_heavy=0.100
			snow=0.000
			blizzard=0.000
			arctic_water=0.000
			mud=0.000
			sandstorm=0.000
			min_snow_level=0.000
		}
		period={
			between={ 0.4 30.9 }
			temperature={ 7.0 14.0 }
			no_phenomenon=1.500
			rain_light=0.250
			rain_heavy=0.100
			snow=0.000
			blizzard=0.000
			arctic_water=0.000
			mud=0.000
			sandstorm=0.150
			min_snow_level=0.000
		}
	}
}
