
strategic_region={
	id=21
	name="STRATEGICREGION_21"
	provinces={
		201 257 432 455 466 523 576 639 680 740 924 1102 1394 1436 1582 1824 1979 2088 2286 2419 2465 2516 2725 2739 3007 3017 3089 3233 3380 3535 3566 3608 3815 3870 4111 4188 4394 4461 4470 4478 4479 4718 4925 4964 5166 5183 5217 5396 5463 5770 5894 5915 6029 6087 6109 6492 6560 6920 6965 7006 7035 7238 7243 7348 7407 7417 7664 7840 8053 8327 8519 8521 8578 8599 8697 8720 8746 11063 11069 11102 11115 11150 11161 11162 11163 11167 11175 11186 11187 11190 11242 11246 11251 11256 11258 11266 11277 11278 11286 11295 11299 11304 11309 11328 11341 11344 11349 11361 11365 11416 11448 11488 11513 11515 11541 16200 
	}
	weather={
		period={
			between={ 0.0 0.5 }
			temperature={ -31.0 8.0 }
			no_phenomenon=1.500
			rain_light=0.250
			rain_heavy=0.100
			snow=0.300
			blizzard=0.170
			arctic_water=0.000
			mud=0.000
			sandstorm=0.000
			min_snow_level=0.330
		}
		period={
			between={ 1.5 30.11 }
			temperature={ 17.0 42.0 }
			no_phenomenon=1.500
			rain_light=0.250
			rain_heavy=0.100
			snow=0.000
			blizzard=0.000
			arctic_water=0.000
			mud=0.000
			sandstorm=0.000
			min_snow_level=0.000
		}
	}
}
