
strategic_region={
	id=22
	name="STRATEGICREGION_22"
	provinces={
		31 75 91 98 111 362 430 526 530 592 781 791 893 921 951 979 1060 1076 1112 1370 1624 1711 1759 2146 2148 2222 2254 2276 2287 2293 2298 2314 2335 2359 2383 2391 2449 2588 2697 2877 2953 2969 3129 3238 3304 3361 3389 3531 3554 3596 3598 3806 3832 3846 3889 3922 3963 4018 4112 4149 4152 4236 4311 4548 4833 5161 5168 5296 5299 5399 5586 5629 5674 5779 5840 5904 5978 6009 6034 6358 6392 6395 6497 6614 6627 6701 6866 6869 6916 6945 7030 7136 7239 7283 7322 7430 7481 7648 7651 7667 7786 7825 7942 8306 8412 8529 8562 8594 8629 8682 8707 11301 11335 11384 11391 11393 11408 11423 11426 11443 11451 11454 11466 11468 11473 11478 11486 11504 11512 11534 11537 11549 11569 11572 11585 11591 11592 11607 11610 11622 11624 11635 11640 11648 11649 11652 11653 11699 11706 11707 11716 11724 11740 11773 11776 11777 11778 11789 11790 11801 11804 11813 11815 11821 11824 11830 11846 11861 11869 11887 11896 11903 11908 11915 
	}
	weather={
		period={
			between={ 0.0 0.5 }
			temperature={ -31.0 8.0 }
			no_phenomenon=1.500
			rain_light=0.250
			rain_heavy=0.100
			snow=0.300
			blizzard=0.170
			arctic_water=0.000
			mud=0.000
			sandstorm=0.000
			min_snow_level=0.330
		}
		period={
			between={ 1.5 30.11 }
			temperature={ 17.0 42.0 }
			no_phenomenon=1.500
			rain_light=0.250
			rain_heavy=0.100
			snow=0.000
			blizzard=0.000
			arctic_water=0.000
			mud=0.000
			sandstorm=0.000
			min_snow_level=0.000
		}
	}
}
