
strategic_region={
	id=23
	name="STRATEGICREGION_23"
	provinces={
		51 161 233 299 330 385 388 513 615 686 806 819 946 1175 1249 1251 1297 1323 1421 1448 1652 1698 1771 1840 1869 1905 1919 1933 1936 1986 2075 2085 2101 2192 2203 2204 2209 2352 2514 2544 2634 2636 2661 2768 2797 2811 2833 2910 2916 2934 3032 3038 3040 3060 3065 3101 3114 3171 3222 3306 3344 3486 3518 3541 3615 3838 3855 3857 3881 3972 4041 4118 4178 4258 4391 4395 4463 4498 4583 4590 4599 4603 4634 4665 4700 4743 4853 4975 5030 5150 5196 5275 5404 5476 5507 5539 5624 5651 5681 5693 5846 5867 5956 6110 6217 6237 6267 6418 6423 6609 6673 6750 6915 6931 7162 7185 7259 7295 7361 7388 7412 7584 7596 7637 7647 7704 7706 7758 7966 7997 8050 8128 8147 8165 8238 8396 8434 8486 8507 8540 8650 8689 8725 11415 11441 11465 11531 11533 11540 11554 11582 11589 11605 11606 11620 11621 11643 11656 11676 11682 11683 11684 11702 11713 11720 11721 11739 11742 11746 11754 11757 11764 11791 11807 11820 11834 11837 11842 11843 11845 11850 11855 11876 11881 11884 11885 11891 11895 11902 11942 11947 11949 11959 11967 11969 11977 11986 11987 11991 11998 12011 12017 12018 12040 12042 12046 12047 12058 12061 12066 12069 12074 12080 12091 12095 
	}
	weather={
		period={
			between={ 0.0 0.5 }
			temperature={ -31.0 8.0 }
			no_phenomenon=1.500
			rain_light=0.250
			rain_heavy=0.100
			snow=0.300
			blizzard=0.170
			arctic_water=0.000
			mud=0.000
			sandstorm=0.000
			min_snow_level=0.330
		}
		period={
			between={ 1.5 30.11 }
			temperature={ 17.0 42.0 }
			no_phenomenon=1.500
			rain_light=0.250
			rain_heavy=0.100
			snow=0.000
			blizzard=0.000
			arctic_water=0.000
			mud=0.000
			sandstorm=0.000
			min_snow_level=0.000
		}
	}
}
