
strategic_region={
	id=24
	name="STRATEGICREGION_24"
	provinces={
		8 231 243 331 361 674 719 876 914 969 988 1208 1225 1467 1483 1541 1580 1586 2001 2122 2128 2157 2170 2189 2425 2699 2753 2776 2887 2978 2987 3071 3094 3267 3308 3369 3550 3629 3737 3921 3925 3962 4037 4179 4245 4343 4531 4714 4896 5062 5094 5106 5173 5378 5417 5511 5516 5520 5717 5742 5754 5800 5842 6178 6233 6655 6743 6782 6879 7027 7132 7170 7202 7389 7441 7517 7592 7649 7657 7933 7952 8045 8119 8150 8202 8290 8347 8353 8508 8514 8545 8643 8694 8728 12385 12415 12420 12433 12435 12437 12459 12484 12494 12495 12506 12511 12518 12527 12540 12557 12563 12571 12582 12598 12599 12611 12612 12632 12640 12672 12677 12682 12685 12689 12697 12711 12737 12738 12742 12768 12770 12790 12791 12801 12804 12820 12841 12854 12859 12860 12866 16209 
	}
	weather={
		period={
			between={ 0.0 0.5 }
			temperature={ -31.0 8.0 }
			no_phenomenon=1.500
			rain_light=0.250
			rain_heavy=0.100
			snow=0.300
			blizzard=0.170
			arctic_water=0.000
			mud=0.000
			sandstorm=0.000
			min_snow_level=0.330
		}
		period={
			between={ 1.5 30.11 }
			temperature={ 17.0 42.0 }
			no_phenomenon=1.500
			rain_light=0.250
			rain_heavy=0.100
			snow=0.000
			blizzard=0.000
			arctic_water=0.000
			mud=0.000
			sandstorm=0.000
			min_snow_level=0.000
		}
	}
}
