
strategic_region={
	id=25
	name="STRATEGICREGION_25"
	provinces={
		76 134 162 203 219 272 478 479 611 631 650 752 821 906 936 1039 1064 1082 1098 1181 1182 1242 1280 1299 1357 1593 1595 1626 1728 1734 1753 1932 1978 2153 2283 2292 2294 2456 2576 2682 2685 2695 2738 2788 2866 2891 3152 3245 3287 3298 3449 3549 3556 3603 4062 4095 4119 4228 4244 4296 4323 4539 4567 4678 4879 4968 5021 5257 5429 5477 5636 5683 5777 5786 5803 5947 5995 6207 6325 6337 6348 6451 6649 6684 6774 7023 7092 7175 7177 7232 7345 7368 7994 8003 8014 8071 8111 8203 8301 8384 11808 11822 11847 11851 11863 11897 11916 11925 11935 11939 11952 11964 11970 11981 11983 11993 11999 12002 12008 12033 12037 12054 12055 12062 12072 12076 12087 12088 12093 12100 12105 12117 12121 12127 12141 12156 12169 12170 12177 12179 12201 12216 12230 12234 12238 12241 12255 12282 12293 12295 12303 12310 12315 12317 12322 12341 12351 12361 12365 12374 16043 
	}
	weather={
		period={
			between={ 0.0 0.5 }
			temperature={ -31.0 8.0 }
			no_phenomenon=1.500
			rain_light=0.250
			rain_heavy=0.100
			snow=0.300
			blizzard=0.170
			arctic_water=0.000
			mud=0.000
			sandstorm=0.000
			min_snow_level=0.330
		}
		period={
			between={ 1.5 30.11 }
			temperature={ 17.0 42.0 }
			no_phenomenon=1.500
			rain_light=0.250
			rain_heavy=0.100
			snow=0.000
			blizzard=0.000
			arctic_water=0.000
			mud=0.000
			sandstorm=0.000
			min_snow_level=0.000
		}
	}
}
