
strategic_region={
	id=26
	name="STRATEGICREGION_26"
	provinces={
		24 38 60 126 265 332 392 398 449 474 491 505 566 607 676 696 723 782 866 868 956 974 1131 1148 1261 1479 1543 1597 1702 1837 1890 1911 1935 1948 2060 2066 2068 2112 2172 2183 2261 2274 2385 2529 2657 2720 2770 2780 2794 2857 2883 2922 2956 3033 3047 3154 3184 3200 3205 3481 3542 3618 3684 3702 3767 3831 3880 3938 4001 4109 4148 4156 4207 4220 4221 4262 4572 4601 4641 4648 4684 4710 4827 4864 4950 4995 5040 5068 5099 5101 5224 5298 5393 5422 5522 5530 5532 5562 5672 6027 6038 6219 6266 6285 6350 6447 6524 6537 6590 6716 6775 6852 6977 7039 7075 7211 7233 7260 7312 7333 7376 7434 7436 7643 7660 7780 7848 7958 7991 8022 8091 8097 8244 8257 8444 8531 8542 8686 8700 8737 12120 12125 12134 12149 12160 12168 12174 12175 12182 12192 12207 12223 12226 12233 12244 12252 12256 12270 12281 12283 12305 12314 12323 12327 12331 12340 12346 12352 12355 12381 12389 12394 12395 12409 12410 12412 12423 12434 12439 12447 12448 12472 12475 12498 12501 12505 12517 12529 12532 12538 12539 12555 12559 12562 12564 12569 12570 12581 12584 12601 12622 12627 12633 12636 12642 12643 12648 12674 12684 12701 12709 12714 12718 12725 12727 12741 12752 12753 12772 12782 12794 12795 12813 12827 12829 12832 12834 12850 
	}
	weather={
		period={
			between={ 0.0 0.5 }
			temperature={ -31.0 8.0 }
			no_phenomenon=1.500
			rain_light=0.250
			rain_heavy=0.100
			snow=0.300
			blizzard=0.170
			arctic_water=0.000
			mud=0.000
			sandstorm=0.000
			min_snow_level=0.330
		}
		period={
			between={ 1.5 30.11 }
			temperature={ 17.0 42.0 }
			no_phenomenon=1.500
			rain_light=0.250
			rain_heavy=0.100
			snow=0.000
			blizzard=0.000
			arctic_water=0.000
			mud=0.000
			sandstorm=0.000
			min_snow_level=0.000
		}
	}
}
