
strategic_region={
	id=27
	name="STRATEGICREGION_27"
	provinces={
		121 196 235 274 364 375 403 443 488 490 544 561 573 582 583 604 638 682 765 797 820 865 886 971 1019 1119 1359 1537 1579 1620 1662 1685 1712 1846 1968 1992 1995 2079 2087 2131 2166 2242 2360 2374 2379 2389 2477 2536 2553 2828 2938 2964 3057 3069 3088 3225 3358 3429 3464 3679 3784 3840 4009 4030 4190 4234 4239 4305 4491 4559 4633 4773 4783 4816 4963 5135 5202 5245 5367 5475 5483 5642 5690 5768 5933 5957 6022 6026 6058 6080 6099 6148 6360 6556 6559 6576 6685 6724 6788 6834 7034 7178 7268 7653 7690 7794 7817 7949 7996 8068 8305 8426 8527 8553 8557 8721 11921 11937 11948 11953 11960 11980 11988 11992 12003 12005 12006 12012 12025 12026 12032 12034 12044 12051 12067 12075 12078 12086 12092 12116 12126 12150 12151 12155 12161 12176 12183 12189 12196 12200 12202 12229 12237 12253 12254 12260 12265 12268 12274 12278 12284 12292 12299 12309 12316 12318 12328 12337 12350 12353 12359 12360 
	}
	weather={
		period={
			between={ 0.0 0.5 }
			temperature={ -31.0 8.0 }
			no_phenomenon=1.500
			rain_light=0.250
			rain_heavy=0.100
			snow=0.300
			blizzard=0.170
			arctic_water=0.000
			mud=0.000
			sandstorm=0.000
			min_snow_level=0.330
		}
		period={
			between={ 1.5 30.11 }
			temperature={ 17.0 42.0 }
			no_phenomenon=1.500
			rain_light=0.250
			rain_heavy=0.100
			snow=0.000
			blizzard=0.000
			arctic_water=0.000
			mud=0.000
			sandstorm=0.000
			min_snow_level=0.000
		}
	}
}
