
strategic_region={
	id=28
	name="STRATEGICREGION_28"
	provinces={
		312 324 542 552 947 1053 1079 1135 2206 2429 2513 2546 2565 2660 2749 2890 2939 3024 3092 3240 3302 4052 4264 4316 4412 4585 4758 5303 5370 5426 5618 5669 5731 6021 6208 6307 6552 6643 6702 6711 6805 6820 6882 6999 7208 7455 7491 7534 7703 7718 7751 8251 8298 8331 8417 8445 8456 8560 8642 11877 11938 11975 12009 12024 12035 12052 12084 12096 12108 12114 12143 12144 12157 12178 12186 12205 12217 12236 12239 12240 12245 12259 12261 12271 12285 12286 12300 12332 12349 12366 12375 
	}
	weather={
		period={
			between={ 0.0 0.5 }
			temperature={ -31.0 8.0 }
			no_phenomenon=1.500
			rain_light=0.250
			rain_heavy=0.100
			snow=0.300
			blizzard=0.170
			arctic_water=0.000
			mud=0.000
			sandstorm=0.000
			min_snow_level=0.330
		}
		period={
			between={ 1.5 30.11 }
			temperature={ 17.0 42.0 }
			no_phenomenon=1.500
			rain_light=0.250
			rain_heavy=0.100
			snow=0.000
			blizzard=0.000
			arctic_water=0.000
			mud=0.000
			sandstorm=0.000
			min_snow_level=0.000
		}
	}
}
