
strategic_region={
	id=29
	name="STRATEGICREGION_29"
	provinces={
		2 57 119 305 413 517 581 632 634 749 825 997 1000 1013 1216 1234 1256 1309 1681 1879 1917 1922 2051 2100 2106 2141 2190 2228 2501 2589 2693 2705 2795 2804 2829 2927 2935 2941 2984 3053 3090 3097 3199 3232 3335 3338 3341 3422 3544 3571 3732 3777 3865 3911 4064 4132 4165 4288 4304 4327 4386 4431 4436 4505 4604 5043 5049 5274 5381 5430 5459 5467 5534 5678 5769 5882 5926 5990 6078 6202 6224 6246 6248 6344 6377 6387 6426 6473 6566 6687 6773 6830 6851 6910 6926 6963 6964 6993 7081 7200 7393 7538 7628 7702 7721 7811 7884 7990 8018 8093 8162 8265 8390 8465 8485 8510 8534 8596 12390 12396 12404 12408 12413 12418 12419 12431 12432 12452 12453 12454 12466 12473 12476 12486 12489 12490 12508 12533 12553 12560 12576 12590 12592 12616 12623 12639 12644 12645 12646 12651 12662 12679 12686 12687 12694 12705 12710 12716 12728 12732 12736 12744 12759 12764 12774 12775 12783 12796 12814 12816 12819 12835 12836 12857 12863 12865 
	}
	weather={
		period={
			between={ 0.0 0.5 }
			temperature={ -31.0 8.0 }
			no_phenomenon=1.500
			rain_light=0.250
			rain_heavy=0.100
			snow=0.300
			blizzard=0.170
			arctic_water=0.000
			mud=0.000
			sandstorm=0.000
			min_snow_level=0.330
		}
		period={
			between={ 1.5 30.11 }
			temperature={ 17.0 42.0 }
			no_phenomenon=1.500
			rain_light=0.250
			rain_heavy=0.100
			snow=0.000
			blizzard=0.000
			arctic_water=0.000
			mud=0.000
			sandstorm=0.000
			min_snow_level=0.000
		}
	}
}
