
strategic_region={
	id=3
	name="STRATEGICREGION_3"
	provinces={
		16 54 88 143 169 268 286 287 295 317 354 358 382 399 408 480 559 567 619 621 643 657 679 737 840 846 852 952 960 1043 1062 1077 1152 1169 1210 1214 1239 1270 1293 1301 1302 1321 1329 1338 1342 1420 1431 1494 1553 1568 1603 1679 1688 1703 1724 1784 1807 1834 1854 1962 2030 2058 2076 2080 2089 2143 2149 2184 2195 2237 2260 2302 2311 2332 2386 2397 2418 2508 2512 2555 2580 2583 2640 2643 2655 2666 2802 2809 2832 2837 2855 2862 2867 2945 2960 2973 3052 3059 3073 3189 3210 3228 3234 3239 3250 3276 3324 3351 3404 3430 3472 3482 3516 3636 3682 3747 3750 3774 3789 3957 4002 4072 4097 4105 4155 4219 4231 4237 4291 4297 4334 4397 4525 4563 4582 4595 4602 4621 4676 4716 4759 4764 4766 4800 4809 4824 4871 4890 4899 4904 4927 4935 4953 4974 5044 5081 5151 5155 5198 5199 5212 5254 5266 5270 5295 5349 5366 5390 5395 5405 5435 5452 5456 5461 5533 5559 5572 5622 5704 5708 5734 5747 5825 5829 5870 5884 5886 5896 5897 5907 5912 5936 5963 6002 6030 6086 6095 6124 6134 6137 6177 6205 6212 6247 6273 6345 6385 6461 6632 6650 6688 6710 6726 6733 6770 6785 6802 6840 6904 6960 6985 7026 7032 7068 7085 7153 7176 7288 7292 7305 7399 7402 7513 7549 7550 7567 7577 7580 7590 7671 7683 7697 7710 7730 7871 7883 7900 7916 7918 7950 7959 7960 7989 7992 8012 8057 8058 8069 8070 8078 8083 8100 8107 8113 8114 8192 8272 8277 8279 8287 8307 8312 8361 8450 8503 8566 8571 8649 8684 8740 8758 8759 8760 8761 8762 8763 8764 8765 8766 8767 8768 8811 8812 8821 8825 8831 8832 8838 8847 8861 8863 8868 8875 8877 8878 8888 8898 8907 8909 8910 8911 8937 8938 8944 8945 8952 8958 8973 8975 8976 8983 8989 8993 9008 9015 9016 9021 9038 9041 9061 9062 9074 9076 9079 9080 9081 9082 9090 9096 9112 9119 9120 9122 9126 9133 9140 9159 9161 9162 9165 9167 9171 9174 9179 9200 9201 9205 9211 9212 9213 9214 9217 9222 9223 9241 9267 9268 9277 9280 9282 9288 9300 9301 9304 9311 9312 9315 9316 9317 9321 9329 9337 9346 9348 9351 9354 9355 9356 9362 9376 9377 9384 9395 9397 9402 9403 9410 9411 9422 9436 9439 9440 9443 9449 9452 9456 9457 9463 9465 9466 9470 9474 9475 9476 9477 9478 9479 9481 9488 9489 9497 9505 9506 9507 9509 9518 9519 9520 9532 9535 9537 9539 9542 9547 9548 9558 9559 9566 9571 9577 9578 9581 9582 9586 9589 9590 9595 9599 9602 9606 9612 9613 9619 9621 9622 9637 9654 9660 9663 9692 9694 9699 16047 16053 16102 
	}
	weather={
		period={
			between={ 0.0 0.5 }
			temperature={ -41.0 -15.0 }
			no_phenomenon=1.500
			rain_light=0.250
			rain_heavy=0.100
			snow=0.250
			blizzard=0.520
			arctic_water=0.000
			mud=0.000
			sandstorm=0.000
			min_snow_level=0.680
		}
		period={
			between={ 1.5 30.11 }
			temperature={ -19.0 14.0 }
			no_phenomenon=1.500
			rain_light=0.250
			rain_heavy=0.100
			snow=0.000
			blizzard=0.000
			arctic_water=0.000
			mud=0.000
			sandstorm=0.000
			min_snow_level=0.000
		}
	}
}
