
strategic_region={
	id=30
	name="STRATEGICREGION_30"
	provinces={
		56 117 168 202 376 384 462 485 609 761 818 908 1092 1250 1273 1283 1295 1463 1524 1569 1736 1873 1949 2259 2282 2413 2491 2495 2594 2683 2947 3155 3188 3268 3366 3425 3460 3548 3697 3718 3913 3933 4176 4227 4414 4509 4576 4591 4640 4753 4877 5064 5185 5258 5307 5431 5696 5941 5942 6024 6108 6613 6863 6877 6883 6971 6976 7076 7131 7169 7284 7409 7415 7433 7495 7561 7681 7684 7700 7774 7834 7882 7898 7957 8079 8101 8164 8411 8518 8683 12379 12392 12393 12405 12414 12421 12424 12436 12462 12463 12468 12469 12474 12496 12499 12500 12502 12509 12512 12519 12536 12549 12567 12572 12577 12580 12583 12617 12618 12619 12624 12625 12634 12649 12652 12654 12663 12666 12683 12692 12702 12719 12720 12754 12760 12765 12766 12784 12797 12798 12799 12821 12830 12842 12848 12855 12861 12862 16004 
	}
	weather={
		period={
			between={ 0.0 0.5 }
			temperature={ -31.0 8.0 }
			no_phenomenon=1.500
			rain_light=0.250
			rain_heavy=0.100
			snow=0.300
			blizzard=0.170
			arctic_water=0.000
			mud=0.000
			sandstorm=0.000
			min_snow_level=0.330
		}
		period={
			between={ 1.5 30.11 }
			temperature={ 17.0 42.0 }
			no_phenomenon=1.500
			rain_light=0.250
			rain_heavy=0.100
			snow=0.000
			blizzard=0.000
			arctic_water=0.000
			mud=0.000
			sandstorm=0.000
			min_snow_level=0.000
		}
	}
}
