
strategic_region={
	id=31
	name="STRATEGICREGION_31"
	provinces={
		11 20 344 442 469 605 728 1081 1086 1162 1222 1340 1386 1389 1411 1583 1599 1701 1745 1774 1830 1930 2330 2331 2441 2443 2648 2691 2731 2763 2879 2903 2942 2991 3055 3076 3099 3111 3146 3469 3590 3593 3961 4006 4071 4079 4177 4418 4438 4448 4627 4772 4803 4897 4940 4965 5022 5088 5102 5239 5409 5423 5521 5549 5702 5712 5790 5859 5929 6300 6366 6413 6471 6479 6536 6554 6573 6798 7183 7196 7384 7385 7459 7521 7571 7605 7775 7824 7867 7919 7941 7968 8005 8033 8134 8231 8252 8373 8432 8433 8515 8635 8641 8675 8688 12872 12879 12882 12899 12900 12907 12912 12918 12946 12957 12960 12961 12963 12967 12970 12975 12978 12979 12980 12996 12997 12998 13012 13013 13014 13036 13038 13043 13051 13052 13055 13079 13082 13087 13088 13089 13091 13094 13104 13114 13118 13129 13135 13139 13140 13141 13157 13159 13174 13189 13191 13208 13209 13211 13216 13220 13223 13249 13251 13256 13282 13292 13303 13332 13354 13378 13392 13419 13429 16213 
	}
	weather={
		period={
			between={ 0.0 0.5 }
			temperature={ -31.0 8.0 }
			no_phenomenon=1.500
			rain_light=0.250
			rain_heavy=0.100
			snow=0.300
			blizzard=0.170
			arctic_water=0.000
			mud=0.000
			sandstorm=0.000
			min_snow_level=0.330
		}
		period={
			between={ 1.5 30.11 }
			temperature={ 17.0 42.0 }
			no_phenomenon=1.500
			rain_light=0.250
			rain_heavy=0.100
			snow=0.000
			blizzard=0.000
			arctic_water=0.000
			mud=0.000
			sandstorm=0.000
			min_snow_level=0.000
		}
	}
}
