
strategic_region={
	id=32
	name="STRATEGICREGION_32"
	provinces={
		83 128 131 141 145 176 200 215 236 289 338 402 476 528 602 630 640 673 687 790 796 1095 1108 1117 1151 1219 1255 1260 1322 1352 1366 1383 1449 1477 1493 1528 1561 1755 1813 1822 2024 2118 2129 2288 2350 2384 2482 2486 2560 2635 2671 2679 2732 2805 2858 2863 2868 2909 2937 3100 3121 3226 3364 3390 3399 3405 3509 3642 3673 3685 3693 3716 3722 3742 3770 3787 3823 3848 3946 4014 4094 4131 4195 4214 4256 4313 4338 4401 4526 4568 4801 4958 5019 5231 5251 5351 5397 5398 5489 5592 5604 5611 5679 5724 5811 5851 5863 5903 6125 6163 6232 6250 6277 6287 6308 6410 6432 6452 6468 6544 6580 6662 6694 6697 6777 6818 6872 7184 7201 7316 7317 7411 7652 7734 7812 7945 8021 8112 8206 8209 8222 8333 8342 8351 8494 8581 12877 12878 12896 12897 12904 12910 12922 12931 12940 12971 12972 12982 12988 13007 13008 13009 13015 13017 13026 13049 13053 13069 13072 13075 13090 13100 13107 13108 13115 13119 13127 13130 13160 13164 13165 13171 13190 13212 13213 13217 13218 13239 13240 13246 13250 13252 13265 13274 13293 13300 13329 13341 13346 13347 13356 13367 13372 13400 13409 13418 13434 13450 13456 13473 13496 13497 13504 13507 13509 13515 13538 13539 13549 13557 13586 13590 13591 13614 13617 13620 13667 13691 
	}
	weather={
		period={
			between={ 0.0 0.5 }
			temperature={ -31.0 8.0 }
			no_phenomenon=1.500
			rain_light=0.250
			rain_heavy=0.100
			snow=0.300
			blizzard=0.170
			arctic_water=0.000
			mud=0.000
			sandstorm=0.000
			min_snow_level=0.330
		}
		period={
			between={ 1.5 30.11 }
			temperature={ 17.0 42.0 }
			no_phenomenon=1.500
			rain_light=0.250
			rain_heavy=0.100
			snow=0.000
			blizzard=0.000
			arctic_water=0.000
			mud=0.000
			sandstorm=0.000
			min_snow_level=0.000
		}
	}
}
