
strategic_region={
	id=34
	name="STRATEGICREGION_34"
	provinces={
		152 232 427 514 587 651 708 736 845 907 927 941 963 1014 1025 1044 1051 1090 1170 1196 1228 1264 1282 1520 1540 1596 1630 1660 1676 1725 1749 1750 1789 1859 1864 1970 2019 2029 2102 2378 2437 2457 2476 2481 2624 2647 2659 2748 2842 2850 2900 2908 2988 3008 3035 3049 3070 3104 3272 3323 3412 3439 3570 3634 3662 3664 3797 3822 3841 3916 4050 4126 4384 4415 4429 4441 4473 4475 4618 4709 4723 4745 4920 4926 5066 5093 5100 5167 5174 5238 5301 5314 5326 5373 5469 5526 5551 5732 5739 5776 5927 5987 6097 6179 6227 6412 6455 6494 6498 6555 6592 6769 6846 6886 6911 6943 7138 7155 7217 7219 7228 7265 7266 7296 7373 7448 7542 7669 7693 7708 7944 8092 8267 8321 8544 8653 8673 8729 12888 12893 12901 12908 12913 12916 12919 12926 12950 12951 12955 12989 13001 13016 13023 13027 13028 13030 13031 13037 13044 13060 13063 13064 13065 13070 13073 13083 13092 13093 13097 13098 13111 13112 13116 13117 13124 13125 13131 13136 13142 13144 13145 13149 13150 13161 13172 13175 13176 13182 13183 13194 13195 13214 13224 13230 13233 13247 13259 13261 13270 13276 13288 13296 13305 13309 13311 13315 13322 13327 13333 13334 13348 13350 13357 13358 13359 13379 13389 13394 16211 
	}
	weather={
		period={
			between={ 0.0 0.5 }
			temperature={ -31.0 8.0 }
			no_phenomenon=1.500
			rain_light=0.250
			rain_heavy=0.100
			snow=0.300
			blizzard=0.170
			arctic_water=0.000
			mud=0.000
			sandstorm=0.000
			min_snow_level=0.330
		}
		period={
			between={ 1.5 30.11 }
			temperature={ 17.0 42.0 }
			no_phenomenon=1.500
			rain_light=0.250
			rain_heavy=0.100
			snow=0.000
			blizzard=0.000
			arctic_water=0.000
			mud=0.000
			sandstorm=0.000
			min_snow_level=0.000
		}
	}
}
