
strategic_region={
	id=35
	name="STRATEGICREGION_35"
	provinces={
		14 18 139 140 158 271 284 326 386 459 672 762 780 811 815 1016 1054 1074 1109 1380 1381 1488 1558 1636 1769 1778 1804 1815 1886 1946 2108 2199 2489 2728 2875 3148 3220 3261 3372 3413 3537 4085 4151 4286 4428 4440 4495 4536 4656 4686 4751 5012 5050 5244 5427 5436 5621 5646 5700 5745 5752 5771 5889 5972 6071 6098 6131 6386 6486 6493 6727 6884 6948 6951 7115 7152 7163 7544 7572 7668 7911 7915 8182 8316 8359 8375 8395 8624 8678 13388 13393 13414 13430 13431 13436 13445 13451 13468 13470 13478 13480 13498 13508 13510 13511 13512 13522 13534 13540 13545 13553 13561 13562 13564 13565 13577 13578 13581 13583 13593 13595 13597 13599 13602 13603 13618 13621 13623 13647 13650 13652 13653 13663 13669 13673 13676 13677 13692 13703 13706 13711 13714 13715 13727 13728 13732 
	}
	weather={
		period={
			between={ 0.0 0.5 }
			temperature={ -23.0 9.0 }
			no_phenomenon=1.500
			rain_light=0.250
			rain_heavy=0.140
			snow=0.320
			blizzard=0.260
			arctic_water=0.000
			mud=0.000
			sandstorm=0.000
			min_snow_level=0.320
		}
		period={
			between={ 1.5 30.11 }
			temperature={ 3.0 35.0 }
			no_phenomenon=1.500
			rain_light=0.250
			rain_heavy=0.320
			snow=0.000
			blizzard=0.000
			arctic_water=0.000
			mud=0.000
			sandstorm=0.000
			min_snow_level=0.000
		}
	}
}
