
strategic_region={
	id=36
	name="STRATEGICREGION_36"
	provinces={
		40 78 189 204 223 251 279 309 346 387 406 500 695 707 724 745 786 998 1142 1177 1221 1335 1364 1378 1409 1434 1471 1536 1550 1559 1566 1581 1590 1691 1744 1851 1853 1897 1929 2074 2277 2312 2361 2382 2417 2454 2493 2500 2506 2525 2538 2554 2572 2573 2598 2625 2706 2737 2826 2912 3011 3074 3182 3207 3230 3279 3293 3339 3350 3474 3498 3500 3706 3715 3721 3731 3771 3828 4054 4306 4336 4346 4417 4447 4607 4721 4749 4820 4903 4928 4938 4987 5017 5121 5159 5162 5525 5544 5561 5565 5626 5631 5650 5797 5832 5839 5869 5919 5944 6051 6062 6107 6271 6272 6331 6336 6398 6456 6635 6659 6690 6826 6873 6890 6998 7108 7330 7336 7461 7489 7518 7600 7620 7656 7694 7742 7829 7897 7978 7985 8009 8013 8036 8054 8106 8172 8260 8374 8464 8502 8612 8665 12800 12847 12876 12883 12889 12891 12894 12909 12911 12914 12923 12927 12952 12958 12964 12976 12986 12993 13010 13024 13032 13041 13047 13071 13076 13105 13109 13120 13132 13152 13162 13166 13169 13187 13198 13202 13203 13219 13221 13231 13234 13236 13243 13253 13262 13266 13269 13272 13273 13277 13285 13290 13291 13297 13304 13310 13323 13328 13330 13335 13338 13339 13360 13361 13363 13365 13381 13382 13386 13387 13397 13401 13405 13406 13415 13424 13437 13442 13443 13446 13455 13457 13481 13484 13492 13493 13500 13516 13524 13535 13555 16214 16215 
	}
	weather={
		period={
			between={ 0.0 0.5 }
			temperature={ -23.0 9.0 }
			no_phenomenon=1.500
			rain_light=0.250
			rain_heavy=0.140
			snow=0.320
			blizzard=0.260
			arctic_water=0.000
			mud=0.000
			sandstorm=0.000
			min_snow_level=0.320
		}
		period={
			between={ 1.5 30.11 }
			temperature={ 3.0 35.0 }
			no_phenomenon=1.500
			rain_light=0.250
			rain_heavy=0.320
			snow=0.000
			blizzard=0.000
			arctic_water=0.000
			mud=0.000
			sandstorm=0.000
			min_snow_level=0.000
		}
	}
}
