
strategic_region={
	id=37
	name="STRATEGICREGION_37"
	provinces={
		43 48 80 112 225 345 360 671 675 829 926 1024 1041 1121 1125 1134 1158 1178 1195 1267 1346 1368 1398 1428 1442 1459 1571 1592 1600 1605 1621 1644 1656 1684 1780 1877 1963 1972 1984 1994 1999 2043 2061 2069 2229 2231 2273 2324 2404 2444 2459 2522 2545 2558 2574 2597 2773 2796 2806 2820 2959 2961 2997 3140 3167 3263 3342 3349 3414 3419 3440 3447 3616 3687 3703 3714 3794 3849 3859 3861 3888 3931 3956 3976 4020 4061 4069 4091 4120 4158 4172 4273 4293 4330 4365 4516 4579 4681 4692 4704 4712 4777 4851 4907 4952 4959 4979 5109 5129 5232 5248 5283 5288 5316 5340 5445 5566 5580 5581 5728 5761 5792 5810 5827 5831 5891 5913 6046 6050 6053 6106 6165 6171 6203 6270 6286 6302 6332 6369 6388 6475 6512 6601 6644 6665 6757 6768 6789 6800 6858 7010 7021 7051 7199 7278 7343 7364 7442 7482 7487 7565 7622 7623 7736 7749 7785 7809 7901 7905 7925 7963 7986 8043 8051 8208 8219 8249 8313 8370 8376 8419 8479 8600 8651 8710 8785 8786 8787 8788 8789 8790 8791 8813 8824 8826 8827 8835 8840 8843 8844 8856 8866 8880 8884 8885 8890 8897 8901 8904 8915 8919 8922 8930 8931 8932 8942 8947 8954 8961 8962 8964 8974 8978 8991 8997 8998 9004 9005 9009 9010 9013 9023 9024 9027 9028 9032 9035 9036 9037 9044 9048 9056 9057 9064 9065 9066 9067 9071 9075 9085 9086 9087 9094 9103 9104 9105 9109 9124 9125 9128 9129 9137 9138 9146 9147 9157 9158 9168 9184 9190 9192 9193 9198 9206 9226 9227 9240 9244 9249 9251 9256 9257 9279 9340 
	}
	weather={
		period={
			between={ 0.0 0.5 }
			temperature={ -50.0 -36.0 }
			no_phenomenon=1.500
			rain_light=0.250
			rain_heavy=0.100
			snow=0.280
			blizzard=0.840
			arctic_water=0.950
			mud=0.000
			sandstorm=0.000
			min_snow_level=0.000
		}
		period={
			between={ 1.5 30.11 }
			temperature={ -35.0 -5.0 }
			no_phenomenon=1.500
			rain_light=0.250
			rain_heavy=0.100
			snow=0.000
			blizzard=0.550
			arctic_water=0.860
			mud=0.000
			sandstorm=0.000
			min_snow_level=0.000
		}
	}
}
