
strategic_region={
	id=38
	name="STRATEGICREGION_38"
	provinces={
		34 164 175 190 220 230 262 266 290 297 343 414 431 441 461 472 496 532 584 633 666 794 834 877 918 959 1010 1018 1063 1138 1139 1155 1161 1285 1429 1480 1510 1512 1639 1678 1686 1690 1819 1821 1838 1866 1881 1942 1960 2021 2050 2181 2198 2249 2266 2309 2341 2344 2351 2375 2392 2414 2428 2473 2487 2503 2523 2613 2616 2622 2653 2678 2719 2793 2854 2921 2923 2989 3098 3206 3249 3286 3318 3319 3392 3445 3471 3503 3564 3605 3624 3646 3707 3740 3776 3844 3908 3948 3958 4036 4075 4110 4127 4180 4225 4263 4272 4277 4339 4344 4407 4500 4511 4558 4569 4570 4594 4619 4658 4660 4685 4727 4735 4738 4754 4791 4806 4832 4942 4985 5059 5163 5182 5228 5255 5279 5320 5556 5603 5639 5648 5660 5686 5710 5713 5835 5959 6005 6052 6074 6143 6145 6176 6296 6313 6347 6353 6363 6407 6515 6682 6705 6717 6732 6753 6854 6902 6975 7046 7141 7181 7188 7209 7223 7255 7327 7335 7377 7381 7404 7418 7443 7458 7470 7502 7515 7541 7562 7621 7636 7642 7650 7696 7816 7955 7983 8038 8063 8077 8121 8127 8193 8197 8230 8262 8280 8294 8349 8360 8383 8398 8421 8443 8452 8564 8680 8738 8792 8793 8794 8795 8796 8797 8798 8799 8800 8801 8802 8803 8804 8805 8806 8807 8808 8809 8810 8814 8817 8818 8828 8829 8836 8837 8845 8850 8851 8852 8853 8854 8857 8858 8860 8862 8872 8873 8874 8876 8881 8886 8887 8891 8900 8902 8905 8906 8908 8912 8916 8918 8925 8927 8929 8935 8939 8941 8943 8948 8955 8956 8963 8965 8971 8972 8981 8982 8992 8994 8999 9001 9002 9006 9014 9018 9033 9045 9046 9047 9049 9060 9063 9072 9073 9088 9089 9099 9106 9110 9117 9118 9130 9134 9135 9143 9148 9153 9154 9169 9170 9172 9181 9196 9199 9204 9216 9228 9229 9242 9252 9253 9255 9258 9261 9262 9264 9270 9283 9286 9289 9290 9296 9297 9305 9308 9319 9322 9325 9327 9344 9349 9357 9364 9369 9373 9374 9409 9420 9421 9425 9430 
	}
	weather={
		period={
			between={ 0.0 0.5 }
			temperature={ -50.0 -36.0 }
			no_phenomenon=1.500
			rain_light=0.250
			rain_heavy=0.100
			snow=0.280
			blizzard=0.840
			arctic_water=0.950
			mud=0.000
			sandstorm=0.000
			min_snow_level=0.000
		}
		period={
			between={ 1.5 30.11 }
			temperature={ -35.0 -5.0 }
			no_phenomenon=1.500
			rain_light=0.250
			rain_heavy=0.100
			snow=0.000
			blizzard=0.550
			arctic_water=0.860
			mud=0.000
			sandstorm=0.000
			min_snow_level=0.000
		}
	}
}
