
strategic_region={
	id=39
	name="STRATEGICREGION_39"
	provinces={
		41 174 242 310 450 471 494 565 577 614 616 726 760 773 783 800 889 970 1015 1110 1144 1313 1390 1487 1647 1705 1766 1872 1895 1899 1953 1980 2065 2096 2117 2243 2265 2329 2370 2407 2488 2578 2599 2606 2677 2729 2902 3075 3118 3174 3185 3208 3219 3401 3443 3466 3581 3604 3720 3752 3755 3785 3867 3890 3894 3920 3927 3983 4028 4150 4181 4216 4250 4294 4368 4375 4416 4437 4490 4496 4533 4547 4630 4635 4711 4850 4854 4866 4962 4994 5004 5218 5263 5293 5304 5325 5446 5527 5529 5623 5699 5701 5746 5781 5847 5914 5943 6117 6195 6352 6565 6568 6574 6588 6734 6764 6844 6894 6917 6986 7160 7165 7167 7206 7210 7225 7446 7591 7634 7659 7663 7791 7948 7984 8040 8073 8076 8099 8194 8201 8233 8293 8300 8350 8388 8404 8468 8595 8668 8719 8745 13410 13454 13462 13463 13474 13485 13488 13489 13518 13530 13531 13536 13541 13546 13550 13554 13558 13570 13572 13573 13579 13584 13592 13594 13598 13600 13604 13607 13610 13629 13630 13635 13639 13644 13645 13646 13648 13658 13659 13660 13665 13666 13668 13670 13674 13675 13683 13689 13690 13693 13695 13700 13707 13716 13717 13718 13719 13721 13722 13730 13733 13736 13740 13741 13743 13750 13759 13766 13767 13769 13772 13778 13785 13786 13797 13798 13800 13807 13808 13811 13815 13821 13830 13831 13835 13836 
	}
	weather={
		period={
			between={ 0.0 0.5 }
			temperature={ -50.0 -36.0 }
			no_phenomenon=1.500
			rain_light=0.250
			rain_heavy=0.100
			snow=0.280
			blizzard=0.840
			arctic_water=0.950
			mud=0.000
			sandstorm=0.000
			min_snow_level=0.000
		}
		period={
			between={ 1.5 30.11 }
			temperature={ -35.0 -5.0 }
			no_phenomenon=1.500
			rain_light=0.250
			rain_heavy=0.100
			snow=0.000
			blizzard=0.550
			arctic_water=0.860
			mud=0.000
			sandstorm=0.000
			min_snow_level=0.000
		}
	}
}
