
strategic_region={
	id=4
	name="STRATEGICREGION_4"
	provinces={
		10 39 160 181 241 260 334 397 405 425 440 495 502 548 553 570 610 655 656 663 713 725 742 779 843 850 879 909 954 1066 1088 1097 1150 1165 1183 1184 1189 1248 1310 1328 1339 1376 1396 1402 1445 1447 1497 1518 1538 1547 1556 1601 1612 1722 1758 1764 1794 1798 1833 1845 1883 1892 1923 1926 1940 1975 2049 2064 2067 2073 2081 2097 2139 2156 2165 2213 2235 2239 2241 2299 2318 2323 2347 2424 2468 2472 2502 2531 2601 2604 2607 2668 2696 2716 2724 2759 2762 2778 2784 2786 2813 2822 2878 2917 2919 2924 2951 3001 3015 3034 3056 3063 3093 3120 3127 3229 3236 3255 3257 3334 3393 3438 3501 3526 3539 3545 3562 3563 3579 3583 3651 3659 3692 3727 3734 3764 3778 3798 3817 3847 3914 3930 3943 3954 3960 3965 3989 4000 4008 4049 4103 4116 4154 4199 4240 4271 4298 4300 4303 4318 4340 4352 4392 4402 4449 4460 4467 4468 4483 4492 4513 4577 4584 4659 4734 4776 4785 4811 4878 4884 4889 4916 4971 4983 4989 5029 5035 5098 5104 5115 5119 5142 5200 5242 5261 5278 5302 5308 5318 5369 5441 5494 5497 5509 5515 5518 5538 5564 5569 5571 5589 5600 5653 5684 5697 5709 5772 5805 5815 5946 6010 6011 6031 6047 6054 6129 6173 6193 6215 6235 6243 6249 6252 6258 6312 6356 6400 6427 6483 6484 6508 6557 6562 6608 6624 6629 6630 6648 6653 6654 6663 6669 6677 6680 6792 6835 6839 6876 6885 6939 6955 6987 7014 7024 7028 7066 7078 7089 7179 7182 7269 7279 7311 7323 7367 7540 7545 7546 7630 7699 7722 7750 7818 7866 7896 7979 8004 8087 8200 8227 8239 8285 8289 8308 8378 8381 8393 8415 8453 8457 8458 8499 8546 8555 8585 8615 8658 8701 8708 8726 8739 8769 8770 8771 8772 8773 8774 8775 8776 8777 8778 8779 8822 8823 8839 8841 8848 8855 8864 8869 8879 8882 8892 8893 8894 8895 8899 8913 8917 8923 8933 8934 8953 8959 8984 8985 8986 8987 8990 9000 9003 9011 9017 9022 9025 9026 9030 9039 9042 9069 9070 9077 9091 9097 9107 9108 9113 9114 9115 9116 9123 9127 9136 9141 9142 9145 9163 9182 9183 9188 9208 9215 9218 9219 9224 9233 9234 9248 9250 9254 9260 9269 9274 9285 9294 9295 9302 9318 9330 9331 9339 9343 9378 9381 9385 9390 9398 9404 9407 9408 9412 9413 9418 9428 9432 9444 9447 9450 9451 9455 9460 9467 9471 9490 9491 9493 9508 9510 9521 9529 9533 9540 9552 9553 9555 9567 9569 9587 9591 9596 9597 9600 9607 9614 9623 9624 9632 9638 9639 9644 9645 9658 9661 9671 9673 9685 9693 9696 9710 9724 9726 9730 9736 9737 9752 9759 9766 9815 9817 9839 16013 16017 16038 16051 16093 16095 16119 16123 16130 16136 16148 16165 
	}
	weather={
		period={
			between={ 0.0 0.5 }
			temperature={ -41.0 -15.0 }
			no_phenomenon=1.500
			rain_light=0.250
			rain_heavy=0.100
			snow=0.250
			blizzard=0.520
			arctic_water=0.000
			mud=0.000
			sandstorm=0.000
			min_snow_level=0.680
		}
		period={
			between={ 1.5 30.11 }
			temperature={ -19.0 14.0 }
			no_phenomenon=1.500
			rain_light=0.250
			rain_heavy=0.100
			snow=0.000
			blizzard=0.000
			arctic_water=0.000
			mud=0.000
			sandstorm=0.000
			min_snow_level=0.000
		}
	}
}
