
strategic_region={
	id=40
	name="STRATEGICREGION_40"
	provinces={
		49 244 389 506 580 669 802 856 938 1008 1036 1093 1129 1159 1252 1296 1351 1410 1413 1433 1439 1549 1565 1857 1927 1996 2007 2028 2111 2124 2200 2257 2278 2356 2367 2377 2396 2410 2452 2524 2530 2534 2626 2664 2789 2873 2930 3023 3124 3141 3172 3176 3370 3477 3483 3492 3633 3709 3758 3877 3896 4038 4056 4159 4169 4321 4432 4444 4455 4482 4504 4527 4551 4706 4708 4720 4810 4849 4982 4986 5020 5037 5038 5045 5070 5087 5134 5158 5300 5371 5392 5400 5421 5432 5460 5498 5560 5579 5640 5641 5649 5656 5675 5802 5857 5876 5881 5888 5924 6059 6090 6156 6158 6161 6162 6200 6240 6282 6357 6374 6513 6594 6621 6642 6689 6720 6722 6954 7001 7015 7293 7372 7394 7447 7464 7586 7624 7771 7826 8019 8072 8104 8122 8123 8126 8217 8303 8435 8439 8451 8481 8563 8618 8620 8634 8743 8748 13438 13444 13447 13469 13475 13490 13501 13527 13542 13547 13566 13567 13574 13587 13605 13608 13615 13624 13627 13628 13631 13632 13636 13637 13640 13642 13643 13654 13655 13671 13678 13680 13687 13696 13704 13705 13708 13709 13712 13713 13720 13723 13724 13729 13737 13738 13747 13748 13752 13753 13754 13755 13756 13757 13760 13761 13773 13774 13776 13780 13781 13782 13787 13789 13790 13791 13792 13794 13795 13796 13799 13804 13805 13809 13810 13812 13813 13818 13819 13822 13823 13824 
	}
	weather={
		period={
			between={ 0.0 0.5 }
			temperature={ -50.0 -36.0 }
			no_phenomenon=1.500
			rain_light=0.250
			rain_heavy=0.100
			snow=0.280
			blizzard=0.840
			arctic_water=0.950
			mud=0.000
			sandstorm=0.000
			min_snow_level=0.000
		}
		period={
			between={ 1.5 30.11 }
			temperature={ -35.0 -5.0 }
			no_phenomenon=1.500
			rain_light=0.250
			rain_heavy=0.100
			snow=0.000
			blizzard=0.550
			arctic_water=0.860
			mud=0.000
			sandstorm=0.000
			min_snow_level=0.000
		}
	}
}
