
strategic_region={
	id=41
	name="STRATEGICREGION_41"
	provinces={
		21 46 47 52 86 90 146 173 179 217 254 370 412 468 543 594 599 606 683 718 722 735 788 833 860 875 901 1002 1017 1038 1048 1123 1127 1167 1220 1232 1233 1291 1404 1611 1648 1651 1655 1668 1669 1680 1687 1751 1775 1777 1786 1896 1912 1989 2014 2071 2113 2132 2180 2281 2289 2290 2305 2306 2321 2434 2435 2445 2475 2490 2492 2646 2690 2717 2744 2785 2856 2895 2907 2986 3009 3051 3078 3108 3119 3144 3173 3209 3215 3288 3310 3343 3347 3359 3382 3383 3394 3395 3402 3410 3451 3484 3488 3499 3576 3594 3617 3635 3681 3712 3726 3760 3786 3810 3947 3988 4016 4025 4088 4104 4123 4146 4160 4192 4222 4232 4233 4248 4335 4360 4388 4396 4399 4408 4411 4445 4481 4544 4593 4624 4636 4654 4674 4705 4762 4825 4847 4875 4931 4977 5032 5169 5176 5187 5253 5309 5352 5361 5386 5490 5501 5506 5553 5554 5594 5635 5722 5783 5813 5854 5934 5986 6092 6136 6152 6153 6281 6301 6303 6304 6319 6322 6340 6367 6393 6454 6460 6466 6482 6550 6578 6600 6645 6715 6739 6779 6849 6855 6896 7009 7060 7083 7145 7150 7161 7203 7215 7216 7252 7257 7258 7306 7318 7325 7341 7501 7625 7639 7763 7803 7832 7859 7865 7879 7891 7927 7931 7932 7953 7961 8039 8065 8067 8115 8132 8152 8158 8183 8266 8268 8314 8318 8403 8442 8495 8496 8498 8501 8541 8572 8637 8645 8669 8711 8712 8734 13227 13260 13268 13283 13284 13306 13318 13331 13351 13355 13364 13366 13370 13373 13380 13398 13399 13402 13403 13411 13412 13416 13420 13421 13422 13425 13426 13432 13435 13439 13448 13449 13452 13458 13459 13460 13464 13465 13467 13471 13476 13479 13482 13486 13487 13494 13495 13499 13502 13503 13505 13513 13514 13517 13519 13523 13525 13526 13528 13532 13537 13543 13544 13548 13551 13552 13559 13560 13563 13568 13571 13575 13576 13582 13585 13588 13606 13609 13611 13612 13613 13616 13619 13625 13626 13633 13634 13638 13641 13649 13651 13656 13657 13661 13662 13664 13672 13679 13681 13682 13684 13685 13686 13688 13694 13697 13698 13699 13701 13702 13710 13725 13726 13731 13734 13735 13739 13742 13744 13745 13746 13749 13751 13758 13762 13763 13764 13765 13768 13770 13771 13775 13777 13779 13783 13784 13788 13793 13801 13802 13803 13806 13814 13816 13817 13820 13825 13826 13827 13828 13829 13832 13833 13834 13837 13838 13839 13840 13841 
	}
	weather={
		period={
			between={ 0.0 0.5 }
			temperature={ -23.0 9.0 }
			no_phenomenon=1.500
			rain_light=0.250
			rain_heavy=0.140
			snow=0.320
			blizzard=0.260
			arctic_water=0.000
			mud=0.000
			sandstorm=0.000
			min_snow_level=0.320
		}
		period={
			between={ 1.5 30.11 }
			temperature={ 3.0 35.0 }
			no_phenomenon=1.500
			rain_light=0.250
			rain_heavy=0.320
			snow=0.000
			blizzard=0.000
			arctic_water=0.000
			mud=0.000
			sandstorm=0.000
			min_snow_level=0.000
		}
	}
}
