
strategic_region={
	id=43
	name="STRATEGICREGION_43"
	provinces={
		381 529 546 681 824 861 1001 1456 1481 1841 1941 1965 2018 2224 2881 2911 2992 3115 3133 3177 3649 3772 3905 3979 4010 4029 4078 4374 4433 4644 4893 5002 5065 5247 5322 5433 5588 5671 6070 6132 6254 6261 6686 6731 6978 7013 7053 7090 7144 7328 7607 7666 8016 8467 8537 8732 10959 10964 10971 10977 10984 10991 10994 10995 11006 11008 11011 11020 11032 11039 11048 11056 11064 11074 11091 11093 11096 11108 11112 11117 11123 11133 11138 11142 11168 11176 11178 11180 11195 11227 11240 11248 11254 11267 11288 11294 11296 
	}
	weather={
		period={
			between={ 0.0 0.5 }
			temperature={ -21.0 -4.0 }
			no_phenomenon=1.500
			rain_light=0.250
			rain_heavy=0.100
			snow=0.270
			blizzard=0.180
			arctic_water=0.000
			mud=0.000
			sandstorm=0.000
			min_snow_level=0.130
		}
		period={
			between={ 1.5 30.11 }
			temperature={ -10.0 35.0 }
			no_phenomenon=1.500
			rain_light=0.250
			rain_heavy=0.380
			snow=0.000
			blizzard=0.000
			arctic_water=0.000
			mud=0.000
			sandstorm=0.000
			min_snow_level=0.000
		}
	}
}
