
strategic_region={
	id=46
	name="STRATEGICREGION_46"
	provinces={
		87 138 178 240 269 456 705 844 904 982 1542 1546 1628 1889 1898 1913 2036 2160 2327 2357 2831 2845 2915 3117 3552 3559 3567 3885 3919 3949 3975 4223 4543 4646 4733 4786 4826 4846 5005 5011 5095 5265 5413 5587 5662 5890 6061 6121 6491 6509 6646 6755 6918 6968 7018 7061 7101 7475 7819 7881 8090 8186 8254 8256 8455 8504 11306 11310 11315 11406 11420 11436 11447 11476 11484 11493 11524 11525 11527 11544 11556 11563 11579 11583 11586 11599 11600 11608 11611 11613 11629 11633 11639 11642 11647 11674 11677 11678 11685 11717 11734 
	}
	weather={
		period={
			between={ 0.0 0.5 }
			temperature={ -21.0 -4.0 }
			no_phenomenon=1.500
			rain_light=0.250
			rain_heavy=0.100
			snow=0.270
			blizzard=0.180
			arctic_water=0.000
			mud=0.000
			sandstorm=0.000
			min_snow_level=0.130
		}
		period={
			between={ 1.5 30.11 }
			temperature={ -10.0 35.0 }
			no_phenomenon=1.500
			rain_light=0.250
			rain_heavy=0.380
			snow=0.000
			blizzard=0.000
			arctic_water=0.000
			mud=0.000
			sandstorm=0.000
			min_snow_level=0.000
		}
	}
}
