
strategic_region={
	id=47
	name="STRATEGICREGION_47"
	provinces={
		17 62 400 477 527 547 855 932 987 991 1094 1137 1145 1193 1198 1223 1585 1633 1665 1689 1693 1716 1730 1850 1950 1983 2240 2297 2450 2520 2537 2571 2772 2787 2876 2943 3037 3125 3137 3284 3346 3409 3444 3491 3540 3601 3869 3953 4098 4200 4462 4489 4524 4637 4693 4760 4836 4999 5028 5046 5078 5114 5152 5204 5414 5470 5508 5698 5748 5976 5983 6159 6167 6293 6297 6414 6612 6801 6843 6994 7049 7087 7119 7192 7212 7289 7355 7440 7463 7466 7472 7531 7574 7679 7728 7743 7782 7813 8136 8250 8286 8369 8387 8574 8593 8603 8610 10486 10506 10512 10524 10539 10546 10588 10602 10671 10682 10721 10738 10751 10752 10759 10760 10761 10774 10775 10777 10787 10788 10792 10812 10816 10825 10826 10827 10851 10857 10867 10879 10883 10888 10899 10903 10911 10917 10923 10929 10950 10976 10993 11000 11029 11038 11052 11076 11087 11099 11100 11113 11122 11128 11129 11134 11155 11206 11219 11230 11244 11282 11303 11312 11409 13984 14007 14080 14113 14413 14683 14843 14874 14989 15039 15064 15270 15429 15514 15533 15548 15648 15683 15836 15850 15865 15991 16019 16201 
	}
	naval_terrain=water_fjords
	weather={
		period={
			between={ 0.0 0.5 }
			temperature={ -21.0 -4.0 }
			no_phenomenon=1.500
			rain_light=0.250
			rain_heavy=0.100
			snow=0.270
			blizzard=0.180
			arctic_water=0.000
			mud=0.000
			sandstorm=0.000
			min_snow_level=0.130
		}
		period={
			between={ 1.5 30.11 }
			temperature={ -10.0 35.0 }
			no_phenomenon=1.500
			rain_light=0.250
			rain_heavy=0.380
			snow=0.000
			blizzard=0.000
			arctic_water=0.000
			mud=0.000
			sandstorm=0.000
			min_snow_level=0.000
		}
	}
}
