
strategic_region={
	id=48
	name="STRATEGICREGION_48"
	provinces={
		4 26 61 63 291 300 374 436 597 763 767 778 1143 1243 1305 1356 1371 1373 1400 1500 1562 1637 1860 1880 1928 1966 2039 2316 2322 2339 2420 2447 2561 2815 3028 3241 3309 3322 3511 3671 3729 3780 3801 3837 3887 3899 3923 4007 4035 4265 4310 4493 4703 4732 4852 5073 5337 5428 5443 5500 5524 5837 5860 5932 5985 5999 6089 6180 6220 6747 6808 6958 6984 6997 7041 7072 7120 7253 7301 7473 7493 7519 7557 7594 7777 7789 7797 7820 7838 7863 7864 8047 8085 8185 8205 8297 8356 8392 8454 8554 8619 10439 10462 10481 10499 10507 10544 10547 10552 10558 10568 10574 10575 10592 10609 10614 10615 10629 10633 10675 10713 10734 10744 10753 10768 10771 10806 10833 10843 10858 10893 10894 10896 10900 10909 10924 10925 10930 10946 10960 10961 10975 10978 11007 11057 11062 11067 11077 11080 11084 11088 11118 11145 11152 11199 11200 11205 11234 11241 11245 11257 11265 11270 11271 11272 11284 11337 14063 14316 14335 14362 14467 14592 14612 14969 14970 15047 15105 15110 15163 15195 15264 15277 15419 15557 15689 15819 15826 16050 
	}
	naval_terrain=water_fjords
	weather={
		period={
			between={ 0.0 0.5 }
			temperature={ -21.0 -4.0 }
			no_phenomenon=1.500
			rain_light=0.250
			rain_heavy=0.100
			snow=0.270
			blizzard=0.180
			arctic_water=0.000
			mud=0.000
			sandstorm=0.000
			min_snow_level=0.130
		}
		period={
			between={ 1.5 30.11 }
			temperature={ -10.0 35.0 }
			no_phenomenon=1.500
			rain_light=0.250
			rain_heavy=0.380
			snow=0.000
			blizzard=0.000
			arctic_water=0.000
			mud=0.000
			sandstorm=0.000
			min_snow_level=0.000
		}
	}
}
