
strategic_region={
	id=49
	name="STRATEGICREGION_49"
	provinces={
		22 102 110 153 163 194 206 263 267 311 423 625 807 809 857 905 922 1101 1292 1343 1349 1466 1525 1667 1683 1721 1726 1909 1977 2042 2055 2077 2300 2641 2710 2722 2752 2758 2823 2860 2861 2913 2933 3016 3091 3253 3457 3582 3680 3843 3995 4067 4102 4138 4439 4518 4639 4689 4789 4906 4911 5047 5131 5133 5338 5387 5536 5619 5795 5887 5917 6020 6116 6157 6260 6269 6405 6436 6751 6829 6862 7070 7191 7251 7254 7291 7566 7748 7772 7828 7913 8002 8026 8046 8311 8358 8377 8543 8640 8679 11259 11300 11313 11314 11320 11331 11351 11355 11364 11366 11376 11390 11412 11417 11418 11435 11458 11461 11469 11475 11487 11492 11508 11516 11517 11522 11543 11546 11559 11565 11595 11597 11625 11631 11632 11650 11658 11659 11692 11698 11703 11712 11722 11725 11733 11743 11747 11752 11758 11765 11769 11774 11780 11782 11792 11800 11831 11848 11857 11864 11868 11892 11900 11910 11917 11926 11954 11994 11996 12015 12020 12048 13995 14057 14258 14330 14498 14528 14684 14779 15048 15066 15205 15219 15324 15341 15392 15617 15883 15894 15906 16026 16074 
	}
	naval_terrain=water_fjords
	weather={
		period={
			between={ 0.0 0.5 }
			temperature={ -21.0 -4.0 }
			no_phenomenon=1.500
			rain_light=0.250
			rain_heavy=0.100
			snow=0.270
			blizzard=0.180
			arctic_water=0.000
			mud=0.000
			sandstorm=0.000
			min_snow_level=0.130
		}
		period={
			between={ 1.5 30.11 }
			temperature={ -10.0 35.0 }
			no_phenomenon=1.500
			rain_light=0.250
			rain_heavy=0.380
			snow=0.000
			blizzard=0.000
			arctic_water=0.000
			mud=0.000
			sandstorm=0.000
			min_snow_level=0.000
		}
	}
}
