
strategic_region={
	id=5
	name="STRATEGICREGION_5"
	provinces={
		1 67 82 132 147 155 193 221 227 238 246 341 342 396 411 424 433 475 516 522 537 551 562 624 627 694 702 714 729 753 774 832 862 878 896 919 950 953 955 999 1004 1006 1049 1084 1105 1116 1140 1171 1202 1215 1217 1244 1279 1300 1391 1408 1417 1458 1495 1617 1619 1623 1627 1641 1646 1706 1714 1723 1739 1754 1756 1773 1790 1796 1802 1876 1887 1945 1981 2027 2046 2056 2063 2110 2159 2193 2280 2295 2342 2376 2463 2467 2470 2471 2510 2533 2552 2562 2586 2593 2628 2649 2680 2701 2707 2740 2750 2800 2882 2886 2899 2905 2914 2918 2920 2926 2936 2949 2971 2974 2990 3021 3058 3068 3072 3077 3081 3083 3112 3131 3135 3178 3194 3198 3216 3242 3256 3264 3285 3291 3330 3374 3416 3421 3459 3470 3490 3497 3510 3546 3558 3620 3621 3637 3648 3653 3669 3768 3796 3824 3891 3892 3910 3924 3978 3981 4012 4073 4076 4086 4125 4137 4162 4163 4171 4194 4201 4259 4285 4405 4434 4450 4471 4565 4566 4596 4597 4645 4680 4694 4731 4755 4830 4855 4883 4895 4898 4902 4913 5018 5033 5123 5130 5148 5192 5209 5264 5368 5372 5383 5384 5464 5471 5541 5578 5613 5617 5630 5638 5654 5667 5676 5765 5784 5787 5900 5910 5931 5982 5984 5998 6000 6033 6037 6174 6182 6190 6196 6201 6245 6278 6351 6370 6463 6467 6514 6548 6602 6633 6639 6657 6667 6668 6676 6681 6691 6709 6765 6772 6778 6794 6807 6809 6813 6825 6865 6891 6899 6959 7073 7074 7091 7112 7113 7125 7128 7134 7156 7193 7230 7249 7261 7275 7280 7309 7410 7435 7468 7483 7539 7556 7609 7646 7655 7687 7711 7738 7756 7784 7788 7800 7802 7845 7849 7877 7885 7888 7889 7914 7935 7938 7967 7993 8042 8095 8161 8166 8173 8255 8274 8284 8292 8345 8357 8367 8389 8401 8418 8437 8475 8511 8551 8565 8569 8583 8587 8623 8744 8780 8781 8782 8783 8784 8833 8834 8865 8870 8871 8883 8889 8896 8914 8921 8924 8926 8928 8936 8946 8960 8968 8969 8970 8977 8980 8988 8996 9012 9031 9052 9058 9059 9078 9084 9100 9101 9121 9160 9175 9180 9189 9191 9194 9202 9203 9209 9225 9235 9238 9239 9243 9263 9271 9272 9273 9275 9278 9292 9293 9307 9313 9314 9323 9324 9332 9333 9336 9347 9350 9352 9361 9367 9368 9371 9386 9387 9388 9391 9392 9399 9414 9415 9419 9423 9429 9433 9434 9437 9441 9442 9453 9468 9473 9494 9495 9498 9499 9511 9512 9514 9525 9536 9543 9549 9561 9564 9568 9572 9573 9574 9592 9593 9598 9608 9615 9617 9631 9640 9641 9642 9646 9647 9655 9664 9665 9666 9669 9676 9681 9688 9689 9697 9704 9718 9719 9725 9727 9728 9731 9732 9742 9767 9778 9780 9797 9798 9804 9807 9810 9830 9836 9840 9848 9850 9853 9855 9860 9868 9874 9875 9877 9886 9889 9890 9902 9912 9913 9926 9927 9931 9938 9939 9942 9955 9959 9961 9962 9963 9971 9987 10004 10018 10020 10085 10115 10126 10150 15995 16005 16044 16048 16067 16098 16132 16140 16141 16142 16147 16149 16151 16153 16158 
	}
	weather={
		period={
			between={ 0.0 0.5 }
			temperature={ -31.0 -4.0 }
			no_phenomenon=1.500
			rain_light=0.170
			rain_heavy=0.120
			snow=0.460
			blizzard=0.280
			arctic_water=0.000
			mud=0.000
			sandstorm=0.000
			min_snow_level=0.430
		}
		period={
			between={ 1.5 30.11 }
			temperature={ 11.0 34.0 }
			no_phenomenon=1.500
			rain_light=0.250
			rain_heavy=0.230
			snow=0.000
			blizzard=0.000
			arctic_water=0.000
			mud=0.000
			sandstorm=0.000
			min_snow_level=0.000
		}
	}
}
