
strategic_region={
	id=50
	name="STRATEGICREGION_50"
	provinces={
		115 137 183 195 293 325 350 356 365 390 407 515 521 574 678 898 989 990 1072 1317 1355 1416 1425 1464 1552 1584 1710 1715 1727 1742 1910 1988 2000 2150 2186 2215 2238 2275 2395 2402 2458 2623 2658 2663 2667 2777 2817 2975 3096 3162 3331 3385 3434 3557 3630 3775 3826 3852 3906 3928 3929 3994 4019 4022 4060 4063 4186 4215 4278 4357 4366 4382 4435 4457 4506 4581 4611 4690 4707 4774 4930 4954 4978 5039 5072 5184 5319 5350 5382 5401 5419 5474 5614 5729 5809 5902 6015 6085 6222 6236 6262 6280 6315 6330 6440 6462 6465 6477 6545 6616 6619 6707 6763 6804 6859 6881 6893 7005 7062 7116 7130 7272 7294 7339 7351 7396 7428 7465 7500 7568 7569 7587 7675 7698 7767 7783 7850 7876 7965 8006 8138 8178 8264 8310 8340 8441 8552 8573 8724 8736 11316 11317 11357 11360 11369 11381 11382 11424 11449 11459 11460 11477 11480 11491 11514 11520 11523 11538 11557 11571 11574 11575 11584 11594 11616 11617 11636 11645 11665 11669 11679 11686 11694 11696 11708 11718 11719 11731 11756 11770 11771 11783 11793 11796 11797 11802 11811 11829 11832 11833 11838 11839 11870 11886 11889 11901 11905 11911 11922 11927 11929 11931 11943 11944 11957 11961 11962 11965 11995 12014 12021 12027 12028 12039 12060 12070 12099 12101 12106 12110 12118 12119 12123 12128 12129 12136 12145 12147 12162 12167 12171 12180 12190 12194 12197 12206 12208 12220 12224 12246 12272 12347 14120 14159 14172 14256 14357 14748 14818 14842 15022 15168 15227 15316 15334 15409 15544 15574 15735 15903 16007 16207 
	}
	naval_terrain=water_fjords
	weather={
		period={
			between={ 0.0 0.5 }
			temperature={ -21.0 -4.0 }
			no_phenomenon=1.500
			rain_light=0.250
			rain_heavy=0.100
			snow=0.270
			blizzard=0.180
			arctic_water=0.000
			mud=0.000
			sandstorm=0.000
			min_snow_level=0.130
		}
		period={
			between={ 1.5 30.11 }
			temperature={ -10.0 35.0 }
			no_phenomenon=1.500
			rain_light=0.250
			rain_heavy=0.380
			snow=0.000
			blizzard=0.000
			arctic_water=0.000
			mud=0.000
			sandstorm=0.000
			min_snow_level=0.000
		}
	}
}
