
strategic_region={
	id=51
	name="STRATEGICREGION_51"
	provinces={
		108 120 136 446 486 569 685 734 849 863 986 1045 1289 1354 1407 1613 1622 1767 1842 1951 2045 2057 2154 2496 2498 2547 2621 2954 3004 3204 3375 3391 3455 3493 3512 3853 3862 3915 3973 4671 4819 4865 4885 4923 5009 5056 5075 5097 5178 5291 5512 5789 5966 6073 6083 6084 6126 6138 6181 6339 6638 6787 6845 6871 7052 7067 7190 7340 7349 7640 7715 7768 7887 8028 8149 8302 8322 8539 8561 8577 8644 8657 10203 10230 10232 10252 10282 10300 10352 10390 10399 10407 10420 10436 10463 10471 10476 10513 10534 10599 10600 10618 10634 10647 10658 10685 10693 10716 10719 10745 10754 10763 10780 10789 10814 10817 10823 10848 10862 10884 10897 
	}
	weather={
		period={
			between={ 0.0 0.5 }
			temperature={ -21.0 -4.0 }
			no_phenomenon=1.500
			rain_light=0.250
			rain_heavy=0.100
			snow=0.270
			blizzard=0.180
			arctic_water=0.000
			mud=0.000
			sandstorm=0.000
			min_snow_level=0.130
		}
		period={
			between={ 1.5 30.11 }
			temperature={ -10.0 35.0 }
			no_phenomenon=1.500
			rain_light=0.250
			rain_heavy=0.380
			snow=0.000
			blizzard=0.000
			arctic_water=0.000
			mud=0.000
			sandstorm=0.000
			min_snow_level=0.000
		}
	}
}
