strategic_region={
	id=53
	name="STRATEGICREGION_53"
	provinces={
		95 199 253 355 363 579 690 1007 1115 1515 1616 1642 1894 1991 2038 2178 2225 2230 2436 2564 2893 3128 3428 3517 3607 3670 3698 3719 3941 4371 4383 4425 4469 4592 4613 4652 5330 5342 5462 5609 6114 6123 6170 6333 6487 6589 6937 7107 7224 7244 7342 7439 7799 7924 8151 8273 8325 8709 10052 10167 10169 10173 10192 10206 10218 10233 10240 10241 10253 10254 10258 10259 10261 10265 10268 10272 10283 10291 10292 10301 10302 10308 10314 10335 10336 10339 10344 10345 10358 10374 10386 10408 10412 10425 10431 10440 10482 10511 10514 
	}
	weather={
		period={
			between={ 0.0 29.3 }
			temperature={ -5.0 12.0 }
			no_phenomenon=1.500
			rain_light=0.250
			rain_heavy=0.100
			snow=0.200
			blizzard=0.000
			arctic_water=0.000
			mud=0.000
			sandstorm=0.000
			min_snow_level=0.030
		}
		period={
			between={ 0.4 30.9 }
			temperature={ 16.0 33.0 }
			no_phenomenon=1.500
			rain_light=0.250
			rain_heavy=0.100
			snow=0.170
			blizzard=0.000
			arctic_water=0.000
			mud=0.000
			sandstorm=0.000
			min_snow_level=0.000
		}
	}
}
