
strategic_region={
	id=6
	name="STRATEGICREGION_6"
	provinces={
		19 50 58 85 97 127 130 157 184 367 394 445 487 540 623 772 888 939 1037 1164 1212 1284 1353 1418 1501 1554 1564 1634 1776 1792 1847 1964 2009 2044 2152 2169 2202 2246 2255 2267 2362 2365 2439 2469 2483 2548 2596 2608 2656 2766 2844 2853 2888 2972 3044 3197 3280 3362 3387 3508 3595 3612 3696 3779 3791 3800 3898 3955 3987 4153 4175 4187 4261 4280 4284 4295 4363 4488 4499 4534 4557 4713 4728 4748 5001 5003 5175 5197 5317 5323 5354 5416 5485 5502 5575 5628 5637 5643 5665 5750 5759 5808 5850 5895 5898 5911 5945 5967 5997 6096 6113 6238 6244 6279 6402 6518 6664 6745 6749 6767 6781 6783 6828 6924 6966 7011 7118 7285 7331 7492 7514 7528 7558 7627 7673 7682 7695 7862 7895 8010 8011 8156 8225 8352 8355 8394 8408 8489 8513 8626 8661 8690 8693 8735 9977 9990 10013 10048 10075 10076 10080 10088 10101 10102 10107 10112 10134 10147 10152 10154 10155 10162 10181 10191 10196 10217 10223 10229 10239 10247 10264 10267 10286 10299 10307 10311 10318 10322 10323 10334 10342 10351 10355 10361 10362 10373 10385 10389 10402 10406 10411 10435 10441 10444 10449 10454 10465 10474 10475 10485 10495 10510 10518 10548 10551 10555 10562 10578 10597 10606 10611 10613 10638 10650 10656 10686 10687 10707 10741 10757 10758 16175 
	}
	weather={
		period={
			between={ 0.0 0.5 }
			temperature={ -31.0 -4.0 }
			no_phenomenon=1.500
			rain_light=0.170
			rain_heavy=0.120
			snow=0.460
			blizzard=0.280
			arctic_water=0.000
			mud=0.000
			sandstorm=0.000
			min_snow_level=0.430
		}
		period={
			between={ 1.5 30.11 }
			temperature={ 11.0 34.0 }
			no_phenomenon=1.500
			rain_light=0.250
			rain_heavy=0.230
			snow=0.000
			blizzard=0.000
			arctic_water=0.000
			mud=0.000
			sandstorm=0.000
			min_snow_level=0.000
		}
	}
}
