
strategic_region={
	id=64
	name="STRATEGICREGION_64"
	provinces={
		25 315 508 727 873 945 1073 1238 1337 1615 2121 2173 2219 2708 2965 3431 3468 3494 3533 3691 3723 3730 3738 3743 3942 4033 4209 4266 4324 4380 4480 4598 4691 4990 5067 5410 5585 5647 5720 5794 5992 6189 6341 7022 7059 7488 7543 7680 7727 7856 7872 8089 8116 8299 8343 8567 8588 8662 9531 9557 9570 9585 9588 9594 9601 9610 9618 9620 9626 9627 9634 9650 9653 9657 9677 9678 9700 9708 9709 9711 9754 9775 9787 9799 9808 9811 9857 9865 9870 9878 9887 9891 9918 9929 9950 
	}
	weather={
		period={
			between={ 0.0 0.5 }
			temperature={ -27.0 14.0 }
			no_phenomenon=1.500
			rain_light=0.250
			rain_heavy=0.100
			snow=0.360
			blizzard=0.200
			arctic_water=0.000
			mud=0.000
			sandstorm=0.000
			min_snow_level=0.330
		}
		period={
			between={ 1.5 30.11 }
			temperature={ 3.0 34.0 }
			no_phenomenon=1.500
			rain_light=0.250
			rain_heavy=0.200
			snow=0.000
			blizzard=0.000
			arctic_water=0.000
			mud=0.000
			sandstorm=0.000
			min_snow_level=0.000
		}
	}
}
