
strategic_region={
	id=67
	name="STRATEGICREGION_67"
	provinces={
		280 409 482 563 575 757 1078 1254 1572 1614 1862 2052 2248 2269 2440 2803 3027 3149 3400 4077 4267 4561 4679 4717 4752 4792 5042 5359 5545 5606 5798 6082 6128 6150 6311 6317 7003 7320 7360 7416 7432 7638 7852 7908 7976 8064 8120 8143 8337 8348 8382 8535 9643 9680 9682 9690 9698 9712 9713 9714 9741 9757 9763 9805 9831 9838 9849 9858 9861 9866 9871 9879 9892 9894 9923 9933 9946 9951 9958 9965 9985 9991 10005 10008 10026 10028 10046 10077 10103 10113 10188 10200 
	}
	weather={
		period={
			between={ 0.0 0.5 }
			temperature={ -27.0 14.0 }
			no_phenomenon=1.500
			rain_light=0.250
			rain_heavy=0.100
			snow=0.360
			blizzard=0.200
			arctic_water=0.000
			mud=0.000
			sandstorm=0.000
			min_snow_level=0.330
		}
		period={
			between={ 1.5 30.11 }
			temperature={ 3.0 34.0 }
			no_phenomenon=1.500
			rain_light=0.250
			rain_heavy=0.200
			snow=0.000
			blizzard=0.000
			arctic_water=0.000
			mud=0.000
			sandstorm=0.000
			min_snow_level=0.000
		}
	}
}
