
strategic_region={
	id=68
	name="STRATEGICREGION_68"
	provinces={
		116 545 645 693 775 789 872 1040 1047 1281 1288 1432 1461 1954 2002 2232 2620 2709 2835 2847 2852 3103 3109 3221 3281 3454 3520 3643 3808 3821 4042 4315 4317 4358 4675 4910 4972 5025 5172 5194 5236 5284 5334 5680 5753 5785 5849 6044 6365 6371 6478 6501 6526 6596 6656 6658 6742 6771 6819 6856 6973 7000 7098 7313 7729 7937 8155 8332 8436 8470 8517 8639 8663 8714 11198 11261 11262 11273 11276 11290 11298 11308 11321 11325 11334 11347 11348 11352 11353 11362 11370 11373 11378 11383 11386 11397 11402 11407 11410 11411 11421 11422 11428 11437 11438 11440 11450 11470 11471 11485 11490 11500 11510 11518 11519 11547 11566 11588 11596 11626 11670 
	}
	weather={
		period={
			between={ 0.0 0.5 }
			temperature={ -27.0 14.0 }
			no_phenomenon=1.500
			rain_light=0.250
			rain_heavy=0.100
			snow=0.360
			blizzard=0.200
			arctic_water=0.000
			mud=0.000
			sandstorm=0.000
			min_snow_level=0.330
		}
		period={
			between={ 1.5 30.11 }
			temperature={ 3.0 34.0 }
			no_phenomenon=1.500
			rain_light=0.250
			rain_heavy=0.200
			snow=0.000
			blizzard=0.000
			arctic_water=0.000
			mud=0.000
			sandstorm=0.000
			min_snow_level=0.000
		}
	}
}
