
strategic_region={
	id=69
	name="STRATEGICREGION_69"
	provinces={
		6 391 393 746 776 900 978 1071 1278 1399 1519 1551 1799 1884 1952 2012 2135 2320 2532 2551 3029 3442 3507 3952 3996 3998 4218 4274 4643 4650 4805 4919 4929 5027 5085 5125 5240 5548 5738 5799 6042 6088 6104 6122 6140 6295 6326 6338 6372 6401 6507 6864 6927 7008 7086 7537 7723 7746 7814 7861 7999 8129 8168 8283 8741 11368 11379 11413 11425 11442 11456 11472 11497 11511 11521 11532 11535 11548 11553 11560 11564 11568 11580 11590 11601 11604 11634 11668 11689 11695 11700 11701 11710 11737 11738 11741 11744 11751 11772 11799 11806 11835 11836 11860 11873 11883 11907 11923 11924 11928 
	}
	weather={
		period={
			between={ 0.0 0.5 }
			temperature={ -27.0 14.0 }
			no_phenomenon=1.500
			rain_light=0.250
			rain_heavy=0.100
			snow=0.360
			blizzard=0.200
			arctic_water=0.000
			mud=0.000
			sandstorm=0.000
			min_snow_level=0.330
		}
		period={
			between={ 1.5 30.11 }
			temperature={ 3.0 34.0 }
			no_phenomenon=1.500
			rain_light=0.250
			rain_heavy=0.200
			snow=0.000
			blizzard=0.000
			arctic_water=0.000
			mud=0.000
			sandstorm=0.000
			min_snow_level=0.000
		}
	}
}
