
strategic_region={
	id=7
	name="STRATEGICREGION_7"
	provinces={
		42 118 125 144 149 188 205 252 255 323 327 454 644 653 697 733 751 795 814 816 817 870 912 984 1075 1089 1213 1271 1306 1412 1441 1462 1511 1674 1694 1772 1831 1901 1902 2022 2035 2037 2095 2207 2264 2527 2595 2816 2901 2931 2957 2958 2962 3164 3193 3195 3446 3479 3529 3602 3641 3654 3695 3700 3749 3845 3850 3902 3984 3992 4024 4032 4115 4134 4185 4217 4238 4268 4341 4348 4356 4359 4422 4501 4542 4580 4586 4638 4649 4746 4771 4828 4835 4837 4980 4988 4992 4996 5010 5052 5089 5205 5315 5466 5479 5519 5711 5755 5820 5834 5855 5862 5873 5892 6067 6093 6094 6172 6198 6221 6257 6327 6342 6354 6409 6535 6553 6599 6625 6641 6703 6723 6740 6935 7012 7241 7267 7308 7310 7359 7378 7397 7520 7551 7598 7691 7808 7970 8153 8188 8385 8402 8406 8685 9651 9683 9684 9695 9703 9716 9717 9723 9729 9745 9747 9748 9749 9751 9771 9773 9776 9777 9791 9806 9814 9829 9832 9835 9845 9847 9852 9854 9869 9901 9904 9907 9911 9916 9917 9937 9943 9944 9973 9974 9975 9986 9989 10000 10010 10022 10023 10030 10032 10038 10062 10065 10067 10069 10074 10084 10098 10099 10100 10108 10109 10111 10118 10132 10135 10143 10151 10160 10161 10165 10166 10178 10195 10197 10199 10226 10238 10263 10281 10285 10297 10328 
	}
	weather={
		period={
			between={ 0.0 0.5 }
			temperature={ -31.0 -4.0 }
			no_phenomenon=1.500
			rain_light=0.170
			rain_heavy=0.120
			snow=0.460
			blizzard=0.280
			arctic_water=0.000
			mud=0.000
			sandstorm=0.000
			min_snow_level=0.430
		}
		period={
			between={ 1.5 30.11 }
			temperature={ 11.0 34.0 }
			no_phenomenon=1.500
			rain_light=0.250
			rain_heavy=0.230
			snow=0.000
			blizzard=0.000
			arctic_water=0.000
			mud=0.000
			sandstorm=0.000
			min_snow_level=0.000
		}
	}
}
