
strategic_region={
	id=71
	name="STRATEGICREGION_71"
	provinces={
		226 234 377 550 731 934 1245 1315 1367 1696 1812 2020 2718 2871 2925 2952 3327 3666 3754 3766 3986 4246 4466 4730 4823 4876 4917 4966 5216 5567 5596 5612 6012 6055 6060 6141 6265 6320 6349 6376 6459 6517 6597 6730 6737 6738 6786 6962 6970 7077 7256 7485 7716 7781 8241 8365 8500 11507 11567 11576 11581 11603 11627 11638 11657 11663 11673 11675 11728 11745 11766 11781 11785 11786 11788 11814 11819 11825 11828 11840 11844 11849 11862 11867 11872 11888 11909 11919 11920 11930 11615 16203 
	}
	weather={
		period={
			between={ 0.0 0.5 }
			temperature={ -27.0 14.0 }
			no_phenomenon=1.500
			rain_light=0.250
			rain_heavy=0.100
			snow=0.360
			blizzard=0.200
			arctic_water=0.000
			mud=0.000
			sandstorm=0.000
			min_snow_level=0.330
		}
		period={
			between={ 1.5 30.11 }
			temperature={ 3.0 34.0 }
			no_phenomenon=1.500
			rain_light=0.250
			rain_heavy=0.200
			snow=0.000
			blizzard=0.000
			arctic_water=0.000
			mud=0.000
			sandstorm=0.000
			min_snow_level=0.000
		}
	}
}
