strategic_region={
	id=72
	name="STRATEGICREGION_72"
	provinces={
		92 135 282 335 418 422 429 460 962 968 1058 1783 1825 1835 2026 2244 2651 2670 2694 2704 2894 3192 3411 3463 3543 3610 3701 3879 3991 4537 4588 4614 4615 4821 4838 4892 5007 5048 5272 5336 5632 5707 5737 5883 6289 6752 6928 6983 7303 7379 7713 8025 8059 8608 11958 11968 11973 11974 12004 12031 12041 12045 12057 12071 12090 12098 12112 12113 12122 12133 12140 12153 12154 12163 12188 12195 12199 12211 12212 12213 12222 12225 12228 12235 12242 12243 
	}
	weather={
		period={
			between={ 0.0 0.5 }
			temperature={ -36.0 14.0 }
			no_phenomenon=1.500
			rain_light=0.250
			rain_heavy=0.100
			snow=0.370
			blizzard=0.220
			arctic_water=0.000
			mud=0.000
			sandstorm=0.000
			min_snow_level=0.390
		}
		period={
			between={ 1.5 30.11 }
			temperature={ 7.0 32.0 }
			no_phenomenon=1.500
			rain_light=0.250
			rain_heavy=0.100
			snow=0.000
			blizzard=0.000
			arctic_water=0.000
			mud=0.000
			sandstorm=0.000
			min_snow_level=0.000
		}
	}
}
