
strategic_region={
	id=73
	name="STRATEGICREGION_73"
	provinces={
		59 84 401 489 533 743 858 920 1027 1133 1227 1308 1453 1534 1708 1931 2099 2340 2464 2638 2702 2721 3435 3717 4147 4355 4554 4817 4856 4908 4947 5126 5211 5214 5229 5249 5285 5535 5634 5666 5670 5826 5993 6223 6231 6318 6469 6470 6797 6810 6969 7044 7174 7467 7674 7685 7709 7731 7773 7841 7956 8223 8341 8497 8522 8695 12257 12264 12269 12280 12287 12288 12298 12307 12312 12313 12320 12334 12335 12336 12339 12345 12348 12364 12368 12369 12384 12398 12407 12428 12441 12450 12456 12458 12483 12485 12491 12507 12522 12542 12554 
	}
	weather={
		period={
			between={ 0.0 0.5 }
			temperature={ -36.0 14.0 }
			no_phenomenon=1.500
			rain_light=0.250
			rain_heavy=0.100
			snow=0.370
			blizzard=0.220
			arctic_water=0.000
			mud=0.000
			sandstorm=0.000
			min_snow_level=0.390
		}
		period={
			between={ 1.5 30.11 }
			temperature={ 7.0 32.0 }
			no_phenomenon=1.500
			rain_light=0.250
			rain_heavy=0.100
			snow=0.000
			blizzard=0.000
			arctic_water=0.000
			mud=0.000
			sandstorm=0.000
			min_snow_level=0.000
		}
	}
}
