strategic_region={
	id=74
	name="STRATEGICREGION_74"
	provinces={
		222 237 348 353 371 601 1011 1012 1042 1658 1832 2284 2412 2480 2864 3079 3271 3320 3321 3424 3613 3997 4043 4070 4512 4545 4620 4742 4814 4970 5235 5297 5339 5344 5347 5923 5955 6534 6761 6892 6972 7414 7454 7522 7523 7593 7597 7739 7807 7874 7920 8023 8034 8061 8154 8296 8324 8614 12566 12588 12595 12605 12630 12631 12661 12668 12696 12703 12713 12731 12735 12756 12780 12781 12788 12824 12852 12853 12869 12871 12885 12886 12929 12933 12934 12935 12973 
	}
	weather={
		period={
			between={ 10.0 29.3 }
			temperature={ 13.0 25.0 }
			no_phenomenon=1.500
			rain_light=0.250
			rain_heavy=0.100
			snow=0.000
			blizzard=0.000
			arctic_water=0.000
			mud=0.000
			sandstorm=0.000
			min_snow_level=0.000
		}
		period={
			between={ 0.4 30.11 }
			temperature={ -19.0 -5.0 }
			no_phenomenon=1.500
			rain_light=0.250
			rain_heavy=0.100
			snow=0.000
			blizzard=0.000
			arctic_water=0.000
			mud=0.000
			sandstorm=0.000
			min_snow_level=0.000
		}
	}
}
