
strategic_region={
	id=75
	name="STRATEGICREGION_75"
	provinces={
		106 211 444 1257 1502 1791 1844 1987 2155 2211 2612 2619 2698 2754 2870 3005 3012 3061 3066 3476 3606 3819 3875 3977 4023 4031 4093 4454 4668 4673 4857 4858 5074 5153 5180 5221 5406 5420 5448 5668 5723 5948 6072 6101 6149 6314 6814 6905 6930 7002 7038 7050 7117 7805 8354 8405 8414 8487 8558 8582 8617 12994 13003 13004 13048 13058 13074 13081 13086 13095 13102 13103 13106 13123 13128 13134 13147 13153 13154 13158 13177 13178 13185 13205 13228 13237 13238 13263 13264 13267 13298 13299 13301 13312 13340 13368 13369 13374 13390 13407 13417 13427 13461 
	}
	weather={
		period={
			between={ 0.0 0.5 }
			temperature={ -36.0 14.0 }
			no_phenomenon=1.500
			rain_light=0.250
			rain_heavy=0.100
			snow=0.370
			blizzard=0.220
			arctic_water=0.000
			mud=0.000
			sandstorm=0.000
			min_snow_level=0.390
		}
		period={
			between={ 1.5 30.11 }
			temperature={ 7.0 32.0 }
			no_phenomenon=1.500
			rain_light=0.250
			rain_heavy=0.100
			snow=0.000
			blizzard=0.000
			arctic_water=0.000
			mud=0.000
			sandstorm=0.000
			min_snow_level=0.000
		}
	}
}
