
strategic_region={
	id=76
	name="STRATEGICREGION_76"
	provinces={
		12 96 165 224 308 319 417 420 556 618 646 710 758 839 894 1269 1405 1632 1738 2175 2256 2272 2505 2550 2587 2669 2726 3426 3495 3505 3628 3736 3804 3816 3866 4017 4066 4107 4370 4497 4520 4625 4698 4767 4793 5024 5154 5227 5267 5468 5491 5504 5627 5721 5952 6039 6076 6449 6567 6579 6634 6903 6906 7151 7405 7886 8037 8157 8212 8466 8469 8536 8676 13040 13042 13110 13122 13137 13148 13151 13180 13181 13192 13199 13200 13210 13225 13254 13255 13271 13275 13286 13289 13294 13319 13320 13349 13352 
	}
	weather={
		period={
			between={ 0.0 0.5 }
			temperature={ -36.0 14.0 }
			no_phenomenon=1.500
			rain_light=0.250
			rain_heavy=0.100
			snow=0.370
			blizzard=0.220
			arctic_water=0.000
			mud=0.000
			sandstorm=0.000
			min_snow_level=0.390
		}
		period={
			between={ 1.5 30.11 }
			temperature={ 7.0 32.0 }
			no_phenomenon=1.500
			rain_light=0.250
			rain_heavy=0.100
			snow=0.000
			blizzard=0.000
			arctic_water=0.000
			mud=0.000
			sandstorm=0.000
			min_snow_level=0.000
		}
	}
}
