
strategic_region={
	id=8
	name="STRATEGICREGION_8"
	provinces={
		36 37 101 171 410 509 525 586 600 828 925 967 1141 1166 1316 1327 1382 1575 1803 1826 1921 2015 2033 2107 2182 2233 2416 2610 2880 2995 3041 3087 3105 3295 3360 3521 3523 3580 3609 3825 3918 4059 4362 4393 4400 4404 4413 4446 4452 4522 4616 4626 4683 4739 4843 4961 5016 5136 5157 5201 5286 5292 5343 5442 5458 5568 5691 5715 5726 5893 5906 6130 6151 6186 6199 6564 6623 6636 6652 6704 6812 6827 6860 6889 6914 7017 7084 7094 7363 7478 7484 7525 7595 7615 7662 7762 7793 7815 8224 8259 8278 8323 8410 8461 8474 8579 8602 8715 8718 8747 9863 9885 9888 9921 9930 9949 9960 9998 10007 10031 10051 10070 10071 10090 10124 10133 10136 10144 10149 10153 10172 10189 10208 10215 10246 10257 10260 10295 10298 10306 10341 10343 10357 10369 10370 10372 10377 10384 10396 10397 10398 10405 10415 10424 10428 10429 10443 10445 10457 10467 10469 10473 10477 10480 10490 10505 10527 10573 10587 10610 10627 10691 10705 16172 16173 16176 16178 16179 16180 
	}
	weather={
		period={
			between={ 0.0 0.5 }
			temperature={ -31.0 -4.0 }
			no_phenomenon=1.500
			rain_light=0.170
			rain_heavy=0.120
			snow=0.460
			blizzard=0.280
			arctic_water=0.000
			mud=0.000
			sandstorm=0.000
			min_snow_level=0.430
		}
		period={
			between={ 1.5 30.11 }
			temperature={ 11.0 34.0 }
			no_phenomenon=1.500
			rain_light=0.250
			rain_heavy=0.230
			snow=0.000
			blizzard=0.000
			arctic_water=0.000
			mud=0.000
			sandstorm=0.000
			min_snow_level=0.000
		}
	}
}
