
strategic_region={
	id=81
	name="STRATEGICREGION_81"
	provinces={
		378 637 660 777 1218 1332 1505 1697 1717 1811 1893 2016 2023 2031 2245 2317 2319 2582 2946 3139 3158 3159 3179 3191 3577 3677 4087 4130 4145 4423 4612 4715 4757 4924 5484 5570 5775 5823 5868 6263 6485 6533 6604 6622 6758 6938 7236 7406 7423 7462 7611 8075 8148 8315 8586 8609 8705 12707 12743 12755 12777 12778 12805 12806 12822 12825 12839 12858 12873 12892 12943 12953 12968 12977 12981 12999 13002 13020 13034 13056 13057 13061 13078 13084 13085 13099 13101 16212 
	}
	weather={
		period={
			between={ 0.0 0.5 }
			temperature={ -36.0 14.0 }
			no_phenomenon=1.500
			rain_light=0.250
			rain_heavy=0.100
			snow=0.370
			blizzard=0.220
			arctic_water=0.000
			mud=0.000
			sandstorm=0.000
			min_snow_level=0.390
		}
		period={
			between={ 1.5 30.11 }
			temperature={ 7.0 32.0 }
			no_phenomenon=1.500
			rain_light=0.250
			rain_heavy=0.100
			snow=0.000
			blizzard=0.000
			arctic_water=0.000
			mud=0.000
			sandstorm=0.000
			min_snow_level=0.000
		}
	}
}
