
strategic_region={
	id=82
	name="STRATEGICREGION_82"
	provinces={
		304 368 463 664 831 835 996 1311 1430 1468 1720 1874 1914 2253 2423 2614 2742 3014 3332 3423 3452 3674 3900 4289 4379 4424 4562 4573 4669 4912 4937 4945 4993 5189 5190 5451 5513 5988 6383 6453 6591 6699 6898 6946 7043 7096 7129 7218 7273 7366 7474 7504 7512 7573 7617 7689 8281 8742 12085 12094 12111 12130 12148 12164 12191 12214 12227 12231 12247 12248 12249 12262 12266 12275 12276 12301 12306 12329 12333 12343 12356 12362 12363 12367 12371 12372 12376 12382 12383 12391 12397 12426 12427 12444 12445 12449 12457 12487 12510 12520 12528 16089 16208 
	}
	weather={
		period={
			between={ 0.0 0.5 }
			temperature={ -36.0 14.0 }
			no_phenomenon=1.500
			rain_light=0.250
			rain_heavy=0.100
			snow=0.370
			blizzard=0.220
			arctic_water=0.000
			mud=0.000
			sandstorm=0.000
			min_snow_level=0.390
		}
		period={
			between={ 1.5 30.11 }
			temperature={ 7.0 32.0 }
			no_phenomenon=1.500
			rain_light=0.250
			rain_heavy=0.100
			snow=0.000
			blizzard=0.000
			arctic_water=0.000
			mud=0.000
			sandstorm=0.000
			min_snow_level=0.000
		}
	}
}
