
strategic_region={
	id=83
	name="STRATEGICREGION_83"
	provinces={
		29 53 182 259 298 452 519 836 1030 1034 1100 1262 1290 1318 1395 1450 1522 1570 1747 1795 1829 1878 1904 2004 2114 2271 2291 2315 2345 2381 2409 2665 2686 2851 3217 3277 3356 3427 3553 3555 3638 4081 4117 4121 4226 4241 4252 4369 4443 4456 4458 4530 4556 4622 4677 4702 4768 4813 4933 4997 4998 5014 5086 5222 5262 5311 5335 5356 5365 5375 5412 5453 5493 5496 5517 5531 5599 5688 5807 5818 5879 5925 5953 5962 5991 6019 6023 6294 6373 6416 6551 6598 6895 6961 6990 7025 7036 7064 7166 7307 7357 7570 7654 7761 7934 7971 8035 8056 8163 8204 8220 8275 8276 8538 8730 12065 12079 12082 12083 12097 12103 12104 12109 12115 12124 12131 12132 12137 12152 12158 12165 12172 12173 12184 12185 12198 12203 12209 12210 12218 12221 12232 12250 12251 12263 12277 12279 12294 12297 12311 12319 12321 12324 12325 12326 12344 12357 12358 12380 12386 12387 12401 12406 12411 12422 12438 12440 12455 12470 12477 12480 12504 12523 
	}
	weather={
		period={
			between={ 0.0 0.5 }
			temperature={ -36.0 14.0 }
			no_phenomenon=1.500
			rain_light=0.250
			rain_heavy=0.100
			snow=0.370
			blizzard=0.220
			arctic_water=0.000
			mud=0.000
			sandstorm=0.000
			min_snow_level=0.390
		}
		period={
			between={ 1.5 30.11 }
			temperature={ 7.0 32.0 }
			no_phenomenon=1.500
			rain_light=0.250
			rain_heavy=0.100
			snow=0.000
			blizzard=0.000
			arctic_water=0.000
			mud=0.000
			sandstorm=0.000
			min_snow_level=0.000
		}
	}
}
