
strategic_region={
	id=84
	name="STRATEGICREGION_84"
	provinces={
		35 65 351 649 720 748 799 1113 1265 1276 1360 1392 1397 1455 1490 1509 1545 1781 1810 1858 2151 2408 2733 3054 3203 3231 3252 3386 3536 3645 3756 3792 3835 3878 3971 4122 4167 4168 4191 4510 4606 4609 4610 4790 4868 5041 5111 5138 5234 5362 5714 5727 5780 6032 6048 6234 6306 6316 6399 6417 6538 6671 6760 6766 6991 6992 7033 7099 7197 7213 7246 7346 7358 7371 7510 7585 7608 7923 7982 8145 8169 8211 8215 8270 8338 8407 8477 8488 8704 11587 11609 11614 11618 11641 11646 11651 11672 11680 11693 11704 11709 11714 11726 11730 11732 11748 11760 11761 11762 11767 11768 11794 11803 11809 11810 11812 11818 11823 11852 11858 11859 11871 11874 11882 11893 11894 11906 11912 11913 11932 11933 11940 11941 11951 11956 11972 11984 11997 12022 12043 12049 12050 12073 12077 12081 12102 12107 12138 12146 16204 16205 
	}
	weather={
		period={
			between={ 0.0 0.5 }
			temperature={ -36.0 14.0 }
			no_phenomenon=1.500
			rain_light=0.250
			rain_heavy=0.100
			snow=0.370
			blizzard=0.220
			arctic_water=0.000
			mud=0.000
			sandstorm=0.000
			min_snow_level=0.390
		}
		period={
			between={ 1.5 30.11 }
			temperature={ 7.0 32.0 }
			no_phenomenon=1.500
			rain_light=0.250
			rain_heavy=0.100
			snow=0.000
			blizzard=0.000
			arctic_water=0.000
			mud=0.000
			sandstorm=0.000
			min_snow_level=0.000
		}
	}
}
