
strategic_region={
	id=85
	name="STRATEGICREGION_85"
	provinces={
		150 191 302 366 709 756 864 1091 1187 1211 1470 1640 1671 1677 1729 1732 1737 1763 1863 1900 2328 2422 2433 2478 2592 2629 2662 2775 2791 2810 2885 3134 3270 3290 3326 3336 3373 3378 3473 3656 3745 3968 4011 4106 4275 4337 4353 4420 4464 4571 4632 4775 4867 4869 4886 4939 5186 5444 5546 5590 5595 5673 5677 5841 5909 6016 6045 6063 6284 6380 6391 6415 6450 6500 6530 6620 6721 6831 6909 6982 6995 7069 7189 7245 7282 7490 7511 7563 7564 7754 7981 7988 8088 8098 8137 8180 8216 8236 8368 8424 8459 8463 8490 8505 8506 8667 8717 11455 11496 11502 11503 11536 11545 11552 11578 11619 11637 11660 11661 11662 11666 11667 11681 11687 11688 11705 11715 11723 11727 11736 11749 11750 11753 11759 11763 11775 11784 11787 11798 11805 11827 11853 11854 11865 11866 11875 11878 11879 11880 11890 11914 11918 11934 11945 11946 11955 11963 11966 11979 11985 11989 12010 12013 12016 12023 12030 
	}
	weather={
		period={
			between={ 0.0 0.5 }
			temperature={ -36.0 14.0 }
			no_phenomenon=1.500
			rain_light=0.250
			rain_heavy=0.100
			snow=0.370
			blizzard=0.220
			arctic_water=0.000
			mud=0.000
			sandstorm=0.000
			min_snow_level=0.390
		}
		period={
			between={ 1.5 30.11 }
			temperature={ 7.0 32.0 }
			no_phenomenon=1.500
			rain_light=0.250
			rain_heavy=0.100
			snow=0.000
			blizzard=0.000
			arctic_water=0.000
			mud=0.000
			sandstorm=0.000
			min_snow_level=0.000
		}
	}
}
