strategic_region={
	id=86
	name="STRATEGICREGION_86"
	provinces={
		711 712 771 874 903 965 1240 1427 1527 1938 1958 2196 2346 2355 2684 2827 2846 2955 2983 2985 3166 3186 3235 3244 3384 3480 3663 3690 3818 3856 4082 4410 4804 4818 5122 5281 5333 5505 5557 5597 5607 5822 6435 6489 6811 6908 7056 7133 7180 7382 7547 7602 7613 7839 7969 8000 8060 8282 8330 8430 8476 8722 12289 12291 12330 12354 12377 12402 12417 12429 12451 12464 12465 12481 12488 12497 12514 12524 12530 12537 12545 12546 12550 12551 12561 12575 12591 12596 12597 12621 12638 12665 12669 12676 12691 12704 12724 12758 12771 12779 12793 12803 12818 12833 12843 12846 12867 12881 12890 12902 12930 12937 12938 12974 12983 12985 13022 13062 13853 15997 15999 16002 16003 16006 16010 16015 16018 16025 16028 16031 16040 16049 16052 16058 16061 16063 16064 16071 16083 16088 16092 16097 16108 16110 16111 16114 16221 16422 16423 16424 16425 16426 16427 16428 16429 16430 16431 16432 16433 16434 16435 16436 16437 16438 16439 16440 16441 16442 16443 16444 16445 16446 16447 16448 16449 16450 16451 16452 16453 16454 16455 16456 16457 16458 16459 16460 16461 16462 16463 16464 16465 16466 16467 16468 16469 16470 16471 16472 16473 16474 16475 16476 16477 16478 16479 16480 16481 16482 16483 16484 16485 16486 16487 16488 16489 16490 16491 16492 16493 16494 16495 16496 16497 16498 16499 16500 16501 16502 16503 16504 16505 16506 16507 16508 16509 16510 16511 16512 16513 16514 16515 16516 16517 16518 16519 16520 16521 16522 16523 16524 16525 16526 16527 16528 16529 16530 16531 16532 16533 16534 16535 16536 16537 16538 16539 16540 16541 16542 16543 16544 16545 16546 16547 16548 16549 16550 16551 16552 16553 16554 16555 16556 16557 16558 16559 16560 16561 16562 16563 16564 16565 16566 16567 16568 16569 16570 16571 16572 16573 16574 16575 16576 16577 16578 16579 16580 16581 16582 16583 16584 16585 16586 16587 16588 16589 16590 16591 16592 16593 16594 16595 16596 16597 16598 16599 16600 16601 16602 16603 16604 16605 16606 16607 16608 16609 16610 16611 16612 16613 16614 16615 16616 16617 16618 16619 16620 16621 16622 16623 16624 16625 16626 16627 16628 16629 16630 16631 16632 16633 16634 16635 16636 16637 16638 16639 16640 16641 16642 16643 16644 16645 16646 16647 16648 16649 16650 16651 16652 16653 16654 16655 16656 16657 16658 16659 16660 16661 16662 16663 16664 16665 16666 16667 16668 16669 16670 16671 16672 16673 16674 16675 16676 16677 16678 16679 16680 16681 16682 16683 16684 16685 16686 16687 16688 16689 16690 16691 16692 16693 16694 16695 16696 16697 16698 16699 16700 16701 16702 16703 16704 16705 16706 16707 16708 16709 16710 16711 16712 16713 16714 16715 16716 16717 16718 16719 16720 16721 16722 16723 16724 16725 16726 16727 16728 16729 16730 16731 16885 16886 16887 16888 16889 16890 16891 16892 16893 16894 16895 16896 16897 16898 16899 16900 16901 16902 16903 16904 16905 16906 16907 16908 16909 16910 16911 16912 16913 16914 16915 16916 16917 16918
	}
	static_modifiers={
		IRIS_mana_wave_disorder=always
	}
	naval_terrain=water_shallow_sea
	weather={
		period={
			between={ 0.0 29.5 }
			temperature={ 5.0 15.0 }
			no_phenomenon=1.5
			rain_light=0.25
			rain_heavy=0.49
			snow=0
			blizzard=0
			arctic_water=0
			mud=0
			sandstorm=0
			min_snow_level=0
		}
		period={
			between={ 0.6 30.11 }
			temperature={ -17.0 -5.0 }
			no_phenomenon=1.5
			rain_light=0.25
			rain_heavy=0.1
			snow=0
			blizzard=0
			arctic_water=0
			mud=0
			sandstorm=0
			min_snow_level=0
		}
	}
}
