
strategic_region={
	id=87
	name="STRATEGICREGION_87"
	provinces={
		33 212 264 277 415 642 692 948 1104 1330 1625 1635 1856 2059 2062 2208 2270 2569 2711 2994 3895 3903 3936 3964 4108 4128 4378 4389 4502 4657 4662 4695 4697 4699 4765 4769 4839 4900 5063 5079 5179 5277 5687 5838 5901 6001 6017 6194 6242 6329 6425 6445 6474 6506 6570 6678 6759 6861 7106 7111 7147 7337 7344 7365 7429 7456 7535 7575 7614 7837 7939 8190 8420 8590 8592 8605 8632 8674 12442 12443 12467 12471 12482 12515 12525 12526 12531 12535 12543 12547 12579 12589 12606 12607 12614 12615 12635 12650 12658 12673 12693 12700 12717 12740 12757 12763 12767 12773 12776 12789 12809 12811 12812 12815 12844 12845 12849 12856 12875 12887 12895 12906 12924 12925 12939 12966 13005 13006 13046 13054 13845 15994 15996 16023 16029 16030 16032 16034 16035 16037 16056 16059 16062 16068 16070 16075 16078 16079 16081 16084 16086 16087 16091 16094 16100 16101 16107 16109 
	}
	weather={
		period={
			between={ 0.0 0.5 }
			temperature={ -19.0 15.0 }
			no_phenomenon=1.500
			rain_light=0.230
			rain_heavy=0.150
			snow=0.240
			blizzard=0.320
			arctic_water=0.000
			mud=0.000
			sandstorm=0.000
			min_snow_level=0.320
		}
		period={
			between={ 1.5 30.11 }
			temperature={ -10.0 11.0 }
			no_phenomenon=1.500
			rain_light=0.140
			rain_heavy=0.200
			snow=0.330
			blizzard=0.380
			arctic_water=0.000
			mud=0.000
			sandstorm=0.000
			min_snow_level=0.110
		}
	}
}
