strategic_region={
	id=88
	name="STRATEGICREGION_88"
	provinces={
		249 416 560 793 1114 1388 1424 1805 1828 1885 2082 2438 2526 2579 3006 3043 3160 3294 3437 3600 3883 3917 3959 4027 4197 4287 4319 4523 5110 5740 5939 5951 6309 6364 6381 6502 6525 6796 6832 7054 7276 7606 7725 7875 7899 8146 8288 8379 8559 8681 8699 13173 13188 13197 13206 13207 13229 13232 13241 13242 13244 13248 13279 13295 13302 13313 13316 13317 13324 13325 13336 13337 13344 13375 13383 13384 13395 13396 13404 13428 13433 13440 13477 13856 16001 16014 16022 16033 16041 16046 16054 16057 16066 16072 16073 16077 16080 16085 16090 16099 16112 16113 16115 16116 16117 
	}
	static_modifiers={
		IRIS_mana_wave_disorder=always
	}
	weather={
		period={
			between={ 0.0 29.3 }
			temperature={ 7.0 15.0 }
			no_phenomenon=1.500
			rain_light=0.250
			rain_heavy=0.100
			snow=0.000
			blizzard=0.000
			arctic_water=0.000
			mud=0.000
			sandstorm=0.000
			min_snow_level=0.000
		}
		period={
			between={ 0.4 30.9 }
			temperature={ 7.0 14.0 }
			no_phenomenon=1.500
			rain_light=0.250
			rain_heavy=0.100
			snow=0.000
			blizzard=0.000
			arctic_water=0.000
			mud=0.000
			sandstorm=0.000
			min_snow_level=0.000
		}
	}
}
