strategic_region={
	id=89
	name="STRATEGICREGION_89"
	provinces={
		73 207 339 512 591 830 1149 1201 1205 1331 1779 1908 2053 2187 2227 2268 2285 2517 2605 2644 2741 2792 2818 2819 2838 3020 3045 3153 3243 3246 3251 3357 3667 3864 3873 3932 4089 4235 4247 4345 4398 4770 4781 4784 4870 4914 5091 5140 5191 5282 5353 5411 5472 5574 5685 6077 6112 6166 6214 6259 6448 6595 6626 6628 6741 6887 6941 7004 7104 7135 7187 7235 7270 7401 7505 7552 7554 7631 7670 7678 7688 7740 7741 7831 7987 8007 8082 8084 8397 8422 8448 8524 8525 8703 12139 12142 12159 12166 12181 12204 12215 12219 12258 12267 12273 12290 12302 12308 12338 12370 12373 12403 12430 12446 12461 12479 12492 12516 12544 12548 12552 12574 12609 12637 12671 12681 12750 12751 12838 12840 12870 12874 12903 12915 12936 12945 12949 12965 12969 12991 12995 13019 13025 13035 13059 13113 13121 13143 13167 13168 13186 13201 13222 13226 13235 13257 13258 13278 13287 13307 13326 13342 13343 13345 13362 13376 13377 13408 13453 13506 13520 13529 13533 13569 13580 13596 13601 
	}
	static_modifiers={
		IRIS_mana_wave_disorder=always
		IRIS_mana_wave_storm=always
	}
	weather={
		period={
			between={ 0.0 29.3 }
			temperature={ -10.0 35.0 }
			no_phenomenon=1.500
			rain_light=0.250
			rain_heavy=0.100
			snow=0.000
			blizzard=0.000
			arctic_water=0.000
			mud=0.000
			sandstorm=0.000
			min_snow_level=0.000
		}
		period={
			between={ 0.4 30.9 }
			temperature={ -10.0 35.0 }
			no_phenomenon=1.500
			rain_light=0.250
			rain_heavy=0.100
			snow=0.000
			blizzard=0.000
			arctic_water=0.000
			mud=0.000
			sandstorm=0.000
			min_snow_level=0.000
		}
	}
}
