
strategic_region={
	id=9
	name="STRATEGICREGION_9"
	provinces={
		72 107 283 421 448 493 626 854 871 923 966 975 1022 1061 1068 1130 1163 1263 1334 1377 1435 1446 1460 1504 1548 1578 1649 1672 1733 1788 1868 2047 2185 2221 2393 2519 2541 2556 2566 2618 2747 2782 2830 2944 2977 3110 3130 3224 3328 3489 3665 3782 3790 3809 3886 3945 4003 4034 4170 4183 4292 4328 4600 4664 4860 4887 4984 5457 5481 5547 5719 6069 6187 6239 6253 6276 6335 6361 6382 6394 6404 6446 6496 6547 6693 6793 6822 7100 7159 7248 7277 7560 7686 7765 8139 8184 8189 8237 8263 8484 8716 9702 9707 9739 9744 9764 9770 9783 9790 9794 9795 9796 9802 9818 9822 9828 9834 9859 9867 9873 9876 9899 9900 9906 9910 9914 9915 9925 9935 9941 9966 9967 9968 9993 9997 10036 10044 10059 10087 10097 10131 10138 10141 10168 10177 10214 10242 10249 10269 10284 10294 10317 10326 10338 10383 
	}
	weather={
		period={
			between={ 0.0 0.5 }
			temperature={ -31.0 -4.0 }
			no_phenomenon=1.500
			rain_light=0.170
			rain_heavy=0.120
			snow=0.460
			blizzard=0.280
			arctic_water=0.000
			mud=0.000
			sandstorm=0.000
			min_snow_level=0.430
		}
		period={
			between={ 1.5 30.11 }
			temperature={ 11.0 34.0 }
			no_phenomenon=1.500
			rain_light=0.250
			rain_heavy=0.230
			snow=0.000
			blizzard=0.000
			arctic_water=0.000
			mud=0.000
			sandstorm=0.000
			min_snow_level=0.000
		}
	}
}
