3 5 9972 10002 10024 10086 6379 
3 4 1867 10039 7732 5625 
2 3 10047 620 9972 
4 5 4144 9786 5937 973 9972 
3 5 6324 8706 8647 10001 5625 
3 5 6324 8706 9956 6838 9972 
1 6 10268 1115 7439 1894 7799 2225 
1 4 2225 4613 3428 10408 
1 3 10408 6589 10292 
1 5 4383 8151 3719 10336 10408 
1 5 10292 10241 10206 10169 5609 
1 4 10292 3128 1007 10258 
1 5 10292 10314 10358 3517 10431 
1 4 10408 3607 2564 2484 
1 6 2484 10570 3002 7844 10607 5450 
1 4 2484 10619 2368 7204 
1 4 5450 10661 6929 3532 
1 6 5450 10580 4508 10511 355 10431 
1 4 7204 8416 3142 3085 
1 5 7204 2843 10742 7629 3301 
1 6 10431 2893 95 10378 1704 10414 
1 5 10431 3517 1991 10308 10258 
1 3 5609 4652 1867 
1 5 10258 2178 8709 1654 6379 
1 4 3301 8304 5705 3532 
1 3 3085 641 5210 
1 4 2976 5092 7755 5210 
1 4 5210 1577 4782 7873 
1 8 7873 7420 13842 1842 2496 10862 2547 6084 
1 4 6084 1622 8302 5097 
1 5 5097 10658 6871 6638 136 
1 4 136 2045 3512 1407 
1 5 136 3204 5009 10471 10463 
1 5 10463 1767 10534 8577 2154 
1 5 849 10647 8149 6638 136 
1 4 849 3375 10600 2154 
1 4 8539 8561 8644 849 
1 5 8539 2954 10789 6457 2174 
1 9 2174 5243 10920 10951 11001 11026 4788 11019 2869 
1 7 10920 10951 11001 2799 5659 11106 3247 
1 5 3247 3227 859 3506 13843 
1 5 2154 10634 4865 8174 3084 
1 4 2174 10796 8174 3084 
1 5 2154 10599 3973 2543 8187 
1 7 3084 10710 667 10688 10672 10645 3106 
1 5 8187 5689 10624 4549 10688 
1 5 10688 3969 8646 6120 8020 
1 5 8020 8195 10880 2310 10943 
1 4 8020 8105 3708 1423 
1 7 2976 1362 4729 10835 5921 7629 3301 
1 7 5450 10604 2337 4124 10489 915 10414 
1 5 10414 301 3851 10571 3388 
1 3 7097 4477 3388 
1 5 7097 2094 6472 2872 4756 
1 3 4756 170 4981 
1 3 4981 7164 1709 
1 7 1709 8329 4333 10885 6226 2650 10973 
1 5 4981 1719 10935 5147 8660 
1 7 8660 3753 4048 11043 5858 5402 6013 
1 5 8660 2090 10935 7479 1709 
1 4 1709 3683 170 4756 
1 4 10973 7338 1555 10938 
1 4 10938 10913 1870 10905 
1 7 2400 8141 11030 11016 3397 1555 10938 
1 5 2400 11053 11030 7822 11034 
1 5 11034 7822 3632 6541 10905 
1 5 10905 1870 10844 2210 10755 
1 5 534 2584 10657 2798 3095 
1 4 7097 1304 7302 3095 
1 5 7097 1304 4796 7582 10392 
1 4 10392 1740 10287 3970 
1 4 3970 10209 5203 10183 
1 6 10392 3854 4350 3156 10234 1609 
1 4 1609 10182 4465 10121 
1 5 10121 2528 4260 4737 9984 
1 4 10121 1508 148 6660 
1 4 3970 6631 4747 6660 
1 6 10392 10337 1067 6617 6081 6660 
1 4 6660 5256 9994 7726 
1 3 6660 5026 1200 
1 7 10183 3565 3897 1200 10017 9978 4808 
1 6 7726 9922 3668 7658 2032 9760 
1 5 7658 9856 9903 9936 4808 
1 4 7658 1358 2406 8221 
1 4 9984 4737 7779 7726 
1 3 8221 9633 7869 
1 4 7921 3019 3062 8221 
1 5 7921 717 3202 6523 9760 
1 6 9753 3352 6396 6706 1160 7658 
1 4 8221 68 9720 9753 
1 6 9753 9793 2134 9905 5269 9984 
1 6 7726 5964 1194 9816 3352 9753 
1 6 10431 1642 6937 10501 972 2484 
1 6 3301 10725 10698 2191 4667 2484 
1 4 5609 2038 10173 4383 
1 8 4383 7107 2436 10265 5342 5462 10253 10268 
1 7 10047 4841 5644 2226 1118 2575 9984 
1 7 4144 8235 9762 9781 9755 1303 9753 
1 5 10414 5237 7020 7903 1609 
1 3 3532 167 6967 
1 4 6967 2212 8372 3388 
1 5 6472 7604 3647 2212 6967 
1 7 9760 9740 481 9670 7727 3730 8588 
1 5 8588 3494 508 9811 4033 
1 5 8588 4990 8567 9650 5585 
1 5 5585 3468 9594 9618 9627 
1 5 4033 2219 5794 6189 8299 
1 5 9627 25 7872 9775 8299 
1 5 8299 4266 5410 6464 1610 
1 6 10183 2751 10171 5872 2504 5804 
1 5 5804 6996 3793 8547 1610 
1 3 5804 10216 5220 
1 5 5804 3381 10219 2234 2839 
1 4 1610 5124 8399 2125 
1 5 1610 10116 8055 6079 2839 
1 5 2125 5013 10193 4880 2839 
1 5 2839 2234 3788 588 5220 
1 5 3909 3329 4045 10175 2125 
1 6 3909 8591 4372 2840 10296 2839 
1 4 10183 2751 3619 5220 
1 6 1610 6464 3650 9964 9933 8064 
1 5 8064 8120 9951 563 9892 
1 5 10200 6128 10113 10077 7360 
1 5 7360 5798 8143 9923 9892 
1 3 9892 9838 8535 
1 5 8535 7320 482 1384 1809 
1 4 9892 575 4752 7852 
1 4 7852 280 9668 6611 
1 4 6611 6921 3762 1809 
1 5 9627 9585 8670 186 629 
1 6 5585 9570 9531 727 6528 6519 
1 4 6519 3064 7776 1496 
1 5 629 9487 8214 9472 808 
1 4 808 689 1259 6672 
1 4 6672 8269 5181 9166 
1 7 9166 3528 8198 1475 94 5225 1496 
1 5 6519 9416 9406 8118 629 
1 7 629 9427 4948 9338 1607 5181 9166 
1 8 1496 5225 94 307 7928 1607 4080 6672 
1 5 4053 8425 9394 7902 9464 
1 4 9464 7745 5773 7140 
1 4 7140 4257 4717 9698 
1 7 9698 6150 7976 4679 9858 5042 9958 
1 6 9958 2052 2269 8143 9923 9892 
1 8 8299 9808 945 3533 9700 9713 7416 7852 
1 6 629 3376 9563 2123 9629 6611 
1 4 808 9504 3762 1809 
1 4 4053 4515 1259 6672 
1 4 1809 1476 5773 7140 
1 5 9698 9714 8348 7638 8535 
1 6 5478 10464 5077 2730 3660 10224 
1 5 10224 10184 7395 2461 2220 
1 5 8309 5207 1532 10078 6197 
1 4 6197 2250 1272 2220 
1 5 6197 10127 2137 10222 10270 
1 5 7408 1186 5576 5328 6197 
1 6 6197 10127 768 10176 10210 10224 
1 4 7408 10250 6841 10270 
1 4 10270 10248 10210 10224 
1 5 10437 10379 1246 1836 10243 
