1 136 
1 534 
1 629 
1 808 
1 849 
1 1080 
1 1200 
1 1407 
1 1423 
1 1496 
1 1609 
1 1610 
1 1709 
1 1809 
1 1867 
1 2125 
1 2154 
1 2174 
1 2220 
1 2225 
1 2400 
1 2484 
1 2839 
1 2869 
1 2976 
1 3084 
1 3085 
1 3095 
1 3106 
1 3247 
1 3301 
1 3388 
1 3532 
1 3744 
1 3765 
1 3909 
1 3970 
1 4033 
1 4053 
1 4144 
1 4383 
1 4756 
1 4808 
1 4981 
1 5097 
1 5210 
1 5220 
1 5450 
1 5478 
1 5585 
1 5609 
1 5804 
1 6013 
1 6084 
1 6197 
1 6324 
1 6379 
1 6472 
1 6519 
1 6611 
1 6660 
1 6672 
1 6967 
1 7097 
1 7140 
1 7204 
1 7338 
1 7360 
1 7408 
1 7658 
1 7726 
1 7852 
1 7853 
1 7869 
1 7873 
1 7921 
1 8020 
1 8064 
1 8187 
1 8221 
1 8299 
1 8309 
1 8535 
1 8539 
1 8588 
1 8660 
1 9166 
1 9464 
1 9627 
1 9698 
1 9753 
1 9760 
1 9892 
1 9958 
1 9972 
1 9984 
1 10121 
1 10183 
1 10200 
1 10224 
1 10243 
1 10258 
1 10268 
1 10270 
1 10292 
1 10392 
1 10408 
1 10414 
1 10431 
1 10437 
1 10463 
1 10688 
1 10755 
1 10819 
1 10905 
1 10920 
1 10938 
1 10943 
1 10973 
1 11034 
1 13842 
1 13843 
