state={
	id=1
	name="STATE_1"
	provinces={
		156 285 549 568 635 688 703 1035 1057 1111 1190 1560 1741 1768 1787 1875 2105 2126 2133 2252 2353 2358 2394 2421 2549 2557 2611 2712 2727 2735 2743 2756 2859 2897 2970 2998 3269 3432 3462 3465 3538 3588 3592 3623 3657 3672 3710 3733 3802 3811 3882 3939 3974 4251 4347 4361 4535 4862 4863 4905 5160 5268 5290 5331 5345 5425 5480 5563 5658 5736 5767 5796 5908 5935 5968 6103 6119 6139 6429 6443 6481 6521 6651 6661 6692 6719 6933 6953 7105 7148 7186 7195 7247 7304 7516 7530 7633 7705 7847 7954 8017 8110 8176 8271 8339 8386 8601 8622 8648 8659 8749 8750 8751 8752 8753 8754 8755 8756 8757 8815 8816 8819 8820 8830 8842 8846 8849 8859 8867 8903 8920 8940 8950 8951 8957 8967 9007 9029 9034 9040 9050 9051 9053 9054 9055 9083 9093 9095 9098 9132 9139 9144 9150 9151 9152 9164 9177 9178 9186 9187 9207 9210 9221 9232 9237 9259 9287 9299 9309 9342 9345 9366 9401 
	}
	history={
        owner = NAC
		buildings = {
			infrastructure = 3
			dimai = 3
			arms_factory = 1
			industrial_complex = 1
			dockyard = 1
			air_base = 0
		}
		victory_points = { 7705 10 }
	}
	state_category=large_town
	manpower=332362
	buildings_max_level_factor=1.000
        resources={
			steel = 9		#钢铁
			oil = 7			#石油
			tungsten = 4 	#钨
			chromium = 21	#铬
			aluminium = 3	#铝
			rubber = 0		#橡胶
			raw_mana = 0	#原始玛娜
			coal = 1
		}
}
