state={
	id=19
	name="STATE_19"
	provinces={
		82 132 396 551 627 694 832 862 878 999 1084 1116 1171 1217 1627 1756 2027 2046 2280 2510 2562 2750 2800 2918 2971 3081 3135 3459 3490 3620 3621 3768 3891 3910 4125 4162 4450 4565 4830 4902 5209 5264 5464 5541 5613 5787 5984 6201 6245 6351 6463 6676 6709 6778 6813 7156 7280 7309 7435 7609 7802 7889 7967 7993 8284 8367 8389 8437 8511 8569 8587 8623 9084 9180 9189 9191 9209 9225 9239 9243 9263 9273 9275 9293 9313 9314 9324 9333 9336 9347 9367 9368 9388 9392 9399 9415 9433 9434 9437 9442 9453 9468 9473 9494 9495 9499 9512 9525 9536 9572 9573 9574 
	}
	history={
        owner = BLA
		buildings = {
			infrastructure = 2
			dimai = 3
			arms_factory = 0
			industrial_complex = 0
			 
			air_base = 0
		}
		
	}
	state_category=wasteland
	manpower=143232
	buildings_max_level_factor=1.000
        resources={
			steel = 0		#钢铁
			oil = 0			#石油
			tungsten = 0 	#钨
			chromium = 0	#铬
			aluminium = 0	#铝
			rubber = 0		#橡胶
			raw_mana = 0	#原始玛娜
			coal = 2
		}
}
