state={
	id=2
	name="STATE_2"
	provinces={
		169 287 382 408 559 567 619 643 679 846 852 952 960 1062 1077 1152 1214 1270 1321 1338 1420 1431 1494 1679 1784 1834 2058 2237 2302 2512 2580 2832 2837 2855 2867 2973 3059 3189 3210 3234 3250 3351 3516 3682 3747 3750 3774 4002 4097 4231 4237 4291 4397 4595 4716 4759 4809 4824 4904 4927 4935 4974 5151 5212 5295 5366 5390 5405 5435 5456 5559 5622 5708 5734 5825 5829 5870 5884 5886 5896 5897 5907 5912 5936 6002 6086 6134 6137 6632 6650 6726 6733 6785 6802 6904 6960 7026 7068 7292 7567 7577 7580 7710 7730 7883 7900 7916 7950 7959 7960 7989 7992 8012 8057 8070 8083 8100 8107 8192 8277 8312 8503 8566 8571 8649 8758 8759 8760 8761 8762 8763 8764 8765 8766 8767 8768 8811 8812 8821 8825 8831 8832 8838 8847 8861 8863 8868 8875 8877 8878 8888 8898 8907 8909 8910 8911 8937 8938 8944 8945 8952 8958 8973 8975 8976 8983 8989 8993 9008 9015 9016 9021 9038 9041 9061 9062 9074 9076 9079 9080 9081 9082 9090 9096 9112 9119 9120 9122 9126 9133 9140 9159 9161 9162 9165 9167 9171 9174 9179 9200 9201 9205 9211 9212 9213 9214 9217 9222 9223 9268 9282 9288 9329 9355 
	}
	history={
        owner = BLA
		buildings = {
			infrastructure = 1
			dimai = 3
			arms_factory = 0
			industrial_complex = 0
			air_base = 0
		}
		victory_points = {1152 3}
	}
	state_category=wasteland
	manpower=42231
	buildings_max_level_factor=1.000
        resources={
			steel = 1		#钢铁
			oil = 0			#石油
			tungsten = 0 	#钨
			chromium = 1	#铬
			aluminium = 0	#铝
			rubber = 0		#橡胶
			raw_mana = 0	#原始玛娜
		}
}
