state={
	id=3
	name="STATE_3"
	provinces={
		10 39 160 181 260 334 397 440 553 570 655 656 713 725 954 1088 1097 1150 1165 1184 1328 1376 1402 1445 1497 1547 1556 1601 1612 1722 1764 1794 1798 1833 1845 1883 1892 1926 2067 2081 2139 2156 2235 2347 2424 2468 2531 2601 2604 2759 2762 2778 2813 2878 2917 2919 3015 3034 3056 3120 3127 3229 3257 3393 3438 3539 3562 3579 3651 3659 3692 3734 3764 3817 3914 3930 3943 3960 3989 4199 4240 4271 4298 4300 4303 4318 4340 4468 4513 4577 4659 4734 4785 4811 4878 4884 4983 4989 5029 5035 5104 5119 5242 5308 5369 5441 5497 5509 5515 5518 5569 5600 5653 5697 5709 5805 5946 6010 6011 6031 6047 6054 6173 6215 6243 6312 6483 6557 6608 6630 6648 6663 6669 6792 6835 6876 6885 6955 7028 7089 7179 7182 7269 7279 7311 7323 7367 7540 7545 7546 7722 7818 7979 8239 8285 8308 8378 8546 8585 8615 8701 8708 8726 8739 8769 8770 8771 8772 8773 8774 8775 8822 8823 8841 8848 8855 8864 8869 8879 8882 8892 8893 8894 8895 8899 8913 8917 8923 8933 8934 8953 8959 8984 8985 8986 8987 8990 9000 9003 9011 9017 9022 9025 9026 9030 9039 9042 9069 9070 9077 9091 9097 9107 9108 9113 9114 9115 9116 9123 9127 9136 9141 9142 9145 9163 9182 9183 9188 9208 9215 9218 9219 9224 9233 9234 9248 9250 9254 9260 9269 9274 9285 9294 9295 9302 9318 9330 9331 9339 9343 
	}
	history={
        owner = BLA
		buildings = {
			infrastructure = 2
			dimai = 3
			arms_factory = 0
			industrial_complex = 0
			air_base = 0
		}
		victory_points = {3438 3}
	}
	state_category=wasteland
	manpower=236943
	buildings_max_level_factor=1.000
        resources={
			steel = 11		#钢铁
			oil = 0			#石油
			tungsten = 2 	#钨
			chromium = 9	#铬
			aluminium = 1	#铝
			rubber = 0		#橡胶
			raw_mana = 0	#原始玛娜
			coal = 3
		}
}
