state={
	id=32
	name="STATE_32"
	provinces={
		16 54 317 354 399 621 840 1043 1169 1210 1342 1553 1603 1724 1854 2076 2080 2089 2143 2149 2184 2195 2260 2311 2332 2508 2555 2643 2666 2802 2945 3052 3404 3430 3482 4072 4105 4155 4219 4297 4334 4563 4602 4621 4800 4890 4899 5081 5199 5266 5349 5395 5461 5533 5572 5747 6030 6124 6177 6212 6345 6385 6461 6688 6840 6985 7085 7153 7399 7402 7513 7549 7671 7683 7697 7871 8058 8114 8279 8287 8361 8684 9241 9280 9301 9354 9356 9395 9397 9402 9403 9411 9422 9436 9440 9443 9463 9466 9470 9477 9478 9479 9497 9506 9507 9518 9532 9539 9542 9547 9548 9559 9566 9571 9577 9578 9582 9586 9590 9595 9606 9613 9619 9622 9654 9660 9663 9692 9694 9699 
	}
	history={
        owner = BLA
		buildings = {
			infrastructure = 3
			dimai = 3
			arms_factory = 0
			industrial_complex = 0
			air_base = 0
		}
		victory_points = {6030 3}
	}
	state_category=pastoral
	manpower=230126
	buildings_max_level_factor=1.000
        resources={
			steel = 0		#钢铁
			oil = 0			#石油
			tungsten = 0 	#钨
			chromium = 0	#铬
			aluminium = 14	#铝
			rubber = 0		#橡胶
			raw_mana = 0	#原始玛娜
			coal = 4
		}
}
