state={
	id=5
	name="STATE_5"
	provinces={
		1 238 411 475 562 714 896 955 1244 1391 1408 1714 1739 1945 2193 2707 3083 3112 3131 3198 3242 3264 3653 3924 4201 4259 4434 4680 5368 5638 5667 5931 5982 6548 6633 6667 6772 6807 6825 7112 7128 7230 7655 7788 7885 7888 8166 8173 8744 8780 8781 8782 8783 8784 8833 8834 8865 8870 8871 8883 8889 8896 8914 8921 8924 8926 8928 8936 8946 8960 8968 8969 8970 8977 8980 8988 8996 9031 9052 9059 9101 9160 
	}
	history={
        owner = BLA
		buildings = {
			infrastructure = 3
			magic_workshop = 0
			arms_factory = 0
			industrial_complex = 0
			dockyard = 0
			air_base = 0
		}
	}
	state_category=large_town
	manpower=0
	buildings_max_level_factor=1.000
}
