state={
	id=543
	name="STATE_543"
	provinces={
		152 708 1025 1044 1051 1090 1170 1228 1264 1520 1750 1789 2457 2647 2842 2850 2908 2988 3049 3104 3916 4126 4415 4441 4709 4723 4920 4926 5066 5093 5174 5238 5314 5469 5551 5739 5927 6769 6911 6943 7138 7217 7296 8544 12888 12893 12901 12913 12916 12926 12950 12955 13023 13027 13028 13044 13060 13063 13064 13073 13083 13092 13093 13097 13111 13117 13124 13136 13144 13149 13150 13175 13194 13233 
	}
	history={
        owner = TDL
		buildings = {
			infrastructure = 3
		}
	}
	state_category=large_town
	manpower=0
	buildings_max_level_factor=1.000
}
