state={
	id=63
	name="STATE_63"
	provinces={
		67 753 919 950 953 1105 1202 1215 1279 1495 1617 1723 1754 1790 1887 1981 2159 2295 2376 2467 2470 2471 2552 2649 2740 2886 2899 2920 2974 2990 3058 3194 3285 3374 3421 3637 3824 3981 4076 4137 4171 4194 4405 4471 4596 4597 4645 4694 4855 4913 5123 5148 5192 5578 5910 5998 6037 6182 6190 6196 6370 6467 6639 6809 6891 6959 7091 7125 7193 7711 7784 7800 7877 8255 8274 8292 8401 8565 9561 9593 9608 9615 9617 9640 9641 9642 9655 9665 9666 9688 9689 9704 9718 9719 9727 9728 9731 9732 9742 9767 9778 9780 9797 9798 9830 9836 9840 9848 9850 9853 9868 9874 9875 9877 9886 9890 9913 9931 9939 9942 9959 9962 9963 9971 9987 10020 
	}
	history={
        owner = BLA
		buildings = {
			infrastructure = 1
			dimai = 3
			arms_factory = 0
			industrial_complex = 0
			 
			air_base = 0
		}
		victory_points = {9704 1}
	}
	state_category=pastoral
	manpower=335544
	buildings_max_level_factor=1.000
        resources={
			steel = 0		#钢铁
			oil = 0			#石油
			tungsten = 0 	#钨
			chromium = 0	#铬
			aluminium = 0	#铝
			rubber = 0		#橡胶
			raw_mana = 7	#原始玛娜
			coal = 3
		}
}
