state={
	id=630
	name="STATE_630"
	provinces={
		14 139 271 386 672 762 815 1054 1380 1488 1769 1804 1815 1886 2108 2489 2728 2875 3220 3261 3372 3413 4085 4151 4286 4495 4656 4686 4751 5012 5050 5436 5621 5745 5972 6386 6727 6884 6951 7115 7152 7544 7668 7915 8182 8316 8375 8624 8678 13414 13478 13498 13510 13511 13512 13545 13553 13578 13581 13595 13599 13603 13650 13653 13669 13673 13676 13677 13703 13711 13714 13715 13728 13732 
	}
	history={
        owner = TDL
		buildings = {
			infrastructure = 3
		}
	}
	state_category=large_town
	manpower=0
	buildings_max_level_factor=1.000
}
