state={
	id=632
	name="STATE_632"
	provinces={
		86 146 179 599 683 833 1017 1651 1680 1687 1775 1786 1912 2490 2646 2785 2856 3051 3078 3144 3410 3499 3617 3635 3810 4016 4335 4399 4445 4544 4636 5169 5309 5386 5490 5501 5553 5554 5635 5813 5854 5986 6454 6855 7150 7203 7215 7216 7252 7341 8039 8318 8403 8442 8498 8572 8637 8711 13402 13425 13464 13482 13517 13537 13551 13552 13563 13606 13611 13625 13633 13649 13661 13662 13672 13679 13681 13682 13701 13725 13731 13744 13751 13762 13763 13765 13770 13793 13801 13803 13820 13826 13828 13829 13832 
	}
	state_category=large_town	manpower=0
	buildings_max_level_factor=1.000
        resources={
			steel = 0		#钢铁
			oil = 0			#石油
			tungsten = 0 	#钨
			chromium = 0	#铬
			aluminium = 0	#铝
			rubber = 0		#橡胶
			raw_mana = 0	#原始玛娜
		}
}
